/*--------------------------------*- C++ -*----------------------------------*\
| =========                 |                                                 |
| \\      /  F ield         | OpenFOAM: The Open Source CFD Toolbox           |
|  \\    /   O peration     | Version:  2212                                  |
|   \\  /    A nd           | Website:  www.openfoam.com                      |
|    \\/     M anipulation  |                                                 |
\*---------------------------------------------------------------------------*/
FoamFile
{
    version     2.0;
    format      ascii;
    arch        "LSB;label=32;scalar=64";
    class       cellSet;
    location    "constant/polyMesh/sets";
    object      underdeterminedCells;
}
// * * * * * * * * * * * * * * * * * * * * * * * * * * * * * * * * * * * * * //


5600
(
0
1
2
3
4
5
6
7
8
9
10
11
12
13
14
15
16
17
18
19
20
21
22
23
24
25
26
27
28
29
30
31
32
33
34
35
36
37
38
39
40
41
42
43
44
45
46
47
48
49
50
51
52
53
54
55
56
57
8250
58
8251
59
8252
60
8253
61
8254
62
8255
63
8256
64
8257
65
16450
8258
66
16451
8259
67
16452
8260
68
16453
8261
69
16454
8262
70
16455
8263
71
16456
72
16457
73
24650
16458
74
24651
16459
75
24652
16460
76
24653
16461
77
24654
16462
78
24655
16463
79
24656
80
24657
81
32850
24658
82
32851
24659
83
32852
24660
84
32853
24661
85
32854
24662
86
32855
24663
87
32856
88
32857
89
32858
90
32859
91
32860
92
32861
93
32862
94
32863
95
96
97
98
99
100
101
102
103
104
105
106
107
108
109
110
111
112
113
114
115
116
117
118
120
121
122
123
124
125
126
127
128
129
130
131
132
133
136
137
138
139
140
141
142
143
144
145
146
147
148
149
153
154
155
156
157
8350
158
8351
159
8352
160
8353
161
8354
162
8355
163
8356
164
8357
165
16550
8358
166
16551
8359
16552
8360
16553
8361
16554
8362
16555
8363
171
16556
172
16557
173
24750
16558
174
24751
16559
175
24752
16560
176
24753
16561
177
24754
16562
178
24755
16563
179
24756
180
24757
181
32950
24758
182
32951
24759
183
32952
24760
184
32953
24761
32954
24762
32955
24763
32956
32957
32958
190
32959
191
32960
192
32961
193
32962
194
32963
195
196
197
198
199
200
201
202
203
210
211
212
213
214
215
216
217
218
219
220
221
222
223
231
232
233
234
235
236
237
238
239
240
241
242
243
244
253
254
255
256
257
8450
258
8451
259
8452
260
8453
261
8454
262
8455
263
8456
264
8457
265
16650
8458
266
16651
8459
16652
8460
16653
8461
16654
8462
16655
8463
16656
16657
24850
16658
24851
16659
24852
16660
276
24853
16661
277
24854
16662
278
24855
16663
279
24856
280
24857
281
33050
24858
282
33051
24859
283
33052
24860
284
33053
24861
285
33054
24862
286
33055
24863
287
33056
288
33057
289
33058
33059
33060
33061
33062
33063
300
301
302
303
304
305
306
307
308
309
310
311
312
313
325
326
327
328
329
330
331
332
333
334
335
336
337
338
351
352
353
354
355
356
357
8550
358
8551
359
8552
360
8553
361
8554
362
8555
363
8556
364
8557
16750
8558
16751
8559
16752
8560
16753
8561
16754
8562
16755
8563
16756
16757
24950
16758
24951
16759
24952
16760
24953
16761
24954
16762
378
24955
16763
379
24956
380
24957
381
33150
24958
382
33151
24959
383
33152
24960
384
33153
24961
385
33154
24962
386
33155
24963
387
33156
388
33157
389
33158
390
33159
391
33160
33161
33162
33163
406
407
408
409
410
411
412
413
414
415
416
417
418
419
435
436
437
438
439
440
441
442
443
444
445
446
447
448
8650
8651
8652
8653
8654
8655
8656
8657
465
16850
8658
466
16851
8659
467
16852
8660
468
16853
8661
469
16854
8662
470
16855
8663
471
16856
472
16857
473
25050
16858
474
25051
16859
475
25052
16860
476
25053
16861
477
25054
16862
478
25055
16863
25056
25057
33250
25058
33251
25059
33252
25060
33253
25061
33254
25062
33255
25063
33256
33257
33258
33259
33260
33261
33262
33263
496
497
498
499
500
501
502
503
504
505
506
507
508
509
528
529
530
531
532
533
534
535
536
537
538
539
540
541
8750
8751
8752
8753
561
8754
562
8755
563
8756
564
8757
565
16950
8758
566
16951
8759
567
16952
8760
568
16953
8761
569
16954
8762
570
16955
8763
571
16956
572
16957
573
25150
16958
574
25151
16959
25152
16960
25153
16961
25154
16962
25155
16963
25156
25157
33350
25158
33351
25159
33352
25160
33353
25161
33354
25162
33355
25163
33356
33357
33358
33359
33360
33361
33362
33363
595
596
597
598
599
600
601
602
603
604
605
606
607
608
630
631
632
633
634
635
636
637
638
639
640
641
642
643
8850
8851
8852
8853
8854
8855
8856
8857
17050
8858
666
17051
8859
667
17052
8860
668
17053
8861
669
17054
8862
670
17055
8863
671
17056
672
17057
673
25250
17058
674
25251
17059
675
25252
17060
676
25253
17061
677
25254
17062
678
25255
17063
679
25256
25257
33450
25258
33451
25259
33452
25260
33453
25261
33454
25262
33455
25263
33456
33457
33458
33459
33460
33461
33462
33463
703
704
705
706
707
708
709
710
711
712
713
714
715
716
741
742
743
744
745
746
747
748
749
750
751
752
753
754
8950
8951
8952
8953
8954
8955
8956
8957
17150
8958
17151
8959
17152
8960
17153
8961
17154
8962
17155
8963
17156
17157
25350
17158
25351
17159
25352
17160
25353
17161
25354
17162
25355
17163
25356
780
25357
781
33550
25358
782
33551
25359
783
33552
25360
784
33553
25361
785
33554
25362
786
33555
25363
787
33556
788
33557
789
33558
790
33559
791
33560
792
33561
793
33562
33563
820
821
822
823
824
825
826
827
828
829
830
831
832
833
9050
9051
9052
9053
861
9054
862
9055
863
9056
864
9057
865
17250
9058
866
17251
9059
867
17252
9060
868
17253
9061
869
17254
9062
870
17255
9063
871
17256
872
17257
873
25450
17258
874
25451
17259
25452
17260
25453
17261
25454
17262
25455
17263
25456
25457
33650
25458
33651
25459
33652
25460
33653
25461
33654
25462
33655
25463
33656
33657
33658
33659
33660
33661
33662
33663
903
904
905
906
907
908
909
910
911
912
913
914
915
916
946
947
948
949
950
951
952
953
954
955
956
957
9150
958
9151
959
9152
9153
9154
9155
9156
9157
17350
9158
17351
9159
17352
9160
17353
9161
17354
9162
17355
9163
17356
17357
25550
17358
25551
17359
25552
17360
25553
17361
25554
17362
25555
17363
25556
25557
33750
25558
33751
25559
33752
25560
33753
25561
33754
25562
33755
25563
33756
33757
33758
990
33759
991
33760
992
33761
993
33762
994
33763
995
996
997
998
999
1000
1001
1002
1003
1035
1036
1037
1038
1039
1040
1041
1042
1043
1044
1045
1046
1047
1048
9250
9251
9252
9253
9254
9255
9256
9257
17450
9258
17451
9259
17452
9260
17453
9261
17454
9262
17455
9263
17456
17457
25650
17458
25651
17459
25652
17460
25653
17461
25654
17462
25655
17463
25656
25657
1081
33850
25658
1082
33851
25659
1083
33852
25660
1084
33853
25661
1085
33854
25662
1086
33855
25663
1087
33856
1088
33857
1089
33858
1090
33859
1091
33860
1092
33861
1093
33862
1094
33863
1128
1129
1130
1131
1132
1133
1134
1135
1136
1137
1138
1139
1140
1141
9350
9351
9352
9353
9354
9355
9356
9357
17550
9358
17551
9359
17552
9360
17553
9361
17554
9362
17555
9363
17556
17557
25750
17558
25751
17559
25752
17560
1176
25753
17561
1177
25754
17562
1178
25755
17563
1179
25756
1180
25757
1181
33950
25758
1182
33951
25759
1183
33952
25760
1184
33953
25761
1185
33954
25762
1186
33955
25763
1187
33956
1188
33957
1189
33958
33959
33960
33961
33962
33963
1225
1226
1227
1228
1229
1230
1231
1232
1233
1234
1235
1236
1237
1238
9450
9451
9452
9453
9454
9455
9456
9457
17650
9458
17651
9459
17652
9460
17653
9461
17654
9462
17655
9463
17656
17657
25850
17658
25851
17659
1275
25852
17660
1276
25853
17661
1277
25854
17662
1278
25855
17663
1279
25856
1280
25857
1281
34050
25858
1282
34051
25859
1283
34052
25860
1284
34053
25861
1285
34054
25862
1286
34055
25863
1287
34056
1288
34057
34058
34059
34060
34061
34062
34063
1326
1327
1328
1329
1330
1331
1332
1333
1334
1335
1336
1337
1338
1339
9550
9551
9552
9553
9554
9555
9556
9557
17750
9558
17751
9559
17752
9560
17753
9561
17754
9562
17755
9563
17756
17757
25950
17758
25951
17759
25952
17760
25953
17761
25954
17762
1378
25955
17763
1379
25956
1380
25957
1381
34150
25958
1382
34151
25959
1383
34152
25960
1384
34153
25961
1385
34154
25962
1386
34155
25963
1387
34156
1388
34157
1389
34158
1390
34159
1391
34160
34161
34162
34163
1431
1432
1433
1434
1435
1436
1437
1438
1439
1440
1441
1442
1443
1444
9650
9651
9652
9653
9654
9655
9656
9657
17850
9658
17851
9659
17852
9660
17853
9661
17854
9662
17855
9663
17856
17857
26050
17858
26051
17859
26052
17860
26053
17861
26054
17862
26055
17863
26056
26057
34250
26058
34251
26059
34252
26060
34253
26061
1485
34254
26062
1486
34255
26063
1487
34256
1488
34257
1489
34258
1490
34259
1491
34260
1492
34261
1493
34262
1494
34263
1495
1496
1497
1498
1540
1541
1542
1543
1544
1545
1546
1547
1548
1549
1550
1551
1552
1553
9750
9751
9752
9753
9754
9755
9756
9757
17950
9758
17951
9759
17952
9760
17953
9761
17954
9762
17955
9763
17956
17957
26150
17958
26151
17959
26152
17960
26153
17961
26154
17962
26155
17963
26156
26157
34350
26158
34351
26159
34352
26160
34353
26161
34354
26162
34355
26163
34356
34357
34358
34359
34360
34361
34362
34363
1596
1597
1598
1599
1600
1601
1602
1603
1604
1605
1606
1607
1608
1609
1653
1654
1655
1656
1657
9850
1658
9851
1659
9852
1660
9853
1661
9854
1662
9855
1663
9856
1664
9857
1665
18050
9858
1666
18051
9859
18052
9860
18053
9861
18054
9862
18055
9863
18056
18057
26250
18058
26251
18059
26252
18060
26253
18061
26254
18062
26255
18063
26256
26257
34450
26258
34451
26259
34452
26260
34453
26261
34454
26262
34455
26263
34456
34457
34458
34459
34460
34461
34462
34463
1711
1712
1713
1714
1715
1716
1717
1718
1719
1720
1721
1722
1723
1724
9950
9951
9952
9953
9954
9955
9956
9957
18150
9958
18151
9959
18152
9960
18153
9961
18154
9962
1770
18155
9963
1771
18156
1772
18157
1773
26350
18158
1774
26351
18159
1775
26352
18160
1776
26353
18161
1777
26354
18162
1778
26355
18163
1779
26356
1780
26357
1781
34550
26358
1782
34551
26359
1783
34552
26360
34553
26361
34554
26362
34555
26363
34556
34557
34558
34559
34560
34561
34562
34563
1830
1831
1832
1833
1834
1835
1836
1837
1838
1839
1840
1841
1842
1843
10050
10051
10052
10053
10054
10055
10056
10057
18250
10058
18251
10059
18252
10060
18253
10061
18254
10062
18255
10063
18256
18257
26450
18258
26451
18259
26452
18260
26453
18261
26454
18262
26455
18263
26456
26457
34650
26458
34651
26459
34652
26460
34653
26461
34654
26462
34655
26463
34656
34657
34658
34659
1891
34660
1892
34661
1893
34662
1894
34663
1895
1896
1897
1898
1899
1900
1901
1902
1903
1904
1953
1954
1955
1956
1957
10150
1958
10151
1959
10152
1960
10153
1961
10154
1962
10155
1963
10156
1964
10157
1965
18350
10158
1966
18351
10159
18352
10160
18353
10161
18354
10162
18355
10163
18356
18357
26550
18358
26551
18359
26552
18360
26553
18361
26554
18362
26555
18363
26556
26557
34750
26558
34751
26559
34752
26560
34753
26561
34754
26562
34755
26563
34756
34757
34758
34759
34760
34761
34762
34763
2016
2017
2018
2019
2020
2021
2022
2023
2024
2025
2026
2027
2028
2029
10250
10251
10252
10253
10254
10255
10256
10257
18450
10258
18451
10259
18452
10260
18453
10261
18454
10262
18455
10263
18456
18457
26650
18458
26651
18459
26652
18460
26653
18461
26654
18462
26655
18463
26656
2080
26657
2081
34850
26658
2082
34851
26659
2083
34852
26660
2084
34853
26661
2085
34854
26662
2086
34855
26663
2087
34856
2088
34857
2089
34858
2090
34859
2091
34860
2092
34861
2093
34862
34863
2145
2146
2147
2148
2149
2150
2151
2152
2153
2154
2155
2156
2157
10350
2158
10351
10352
10353
10354
10355
10356
10357
18550
10358
18551
10359
18552
10360
18553
10361
18554
10362
18555
10363
18556
18557
26750
18558
26751
18559
26752
18560
26753
18561
26754
18562
26755
18563
26756
26757
34950
26758
34951
26759
34952
26760
34953
26761
34954
26762
34955
26763
34956
34957
34958
34959
34960
34961
34962
34963
2211
2212
2213
2214
2215
2216
2217
2218
2219
2220
2221
2222
2223
2224
10450
10451
10452
10453
10454
10455
10456
10457
18650
10458
18651
10459
18652
10460
18653
10461
18654
10462
18655
10463
18656
18657
26850
18658
26851
18659
26852
18660
26853
18661
26854
18662
2278
26855
18663
2279
26856
2280
26857
2281
35050
26858
2282
35051
26859
2283
35052
26860
2284
35053
26861
2285
35054
26862
2286
35055
26863
2287
35056
2288
35057
2289
35058
2290
35059
2291
35060
35061
35062
2346
2347
2348
2349
2350
2351
2352
2353
2354
2355
2356
2357
10550
2358
10551
2359
10552
10553
10554
10555
10556
10557
18750
10558
18751
10559
18752
10560
18753
10561
18754
10562
18755
10563
18756
18757
26950
18758
26951
18759
26952
18760
26953
18761
26954
18762
26955
18763
26956
35149
26957
35150
26958
35151
26959
35152
26960
35153
26961
35154
26962
35155
26963
35156
35157
35158
35159
35160
2415
2416
2417
2418
2419
2420
2421
2422
2423
2424
2425
2426
2427
2428
10650
10651
10652
10653
10654
10655
10656
10657
18850
10658
18851
10659
18852
10660
18853
10661
18854
10662
18855
10663
18856
18857
27050
18858
27051
18859
27052
18860
27053
18861
27054
18862
35247
27055
18863
35248
27056
35249
27057
35250
27058
35251
27059
35252
27060
35253
27061
2485
35254
27062
2486
35255
27063
2487
35256
2488
35257
2489
2490
2491
2492
2493
2494
2495
2496
2497
2498
2556
2557
10750
2558
10751
2559
10752
2560
10753
2561
10754
2562
10755
2563
10756
2564
10757
2565
18950
10758
2566
18951
10759
2567
18952
10760
2568
18953
10761
2569
18954
10762
18955
10763
18956
18957
27150
18958
27151
18959
35344
27152
18960
35345
27153
18961
35346
27154
18962
35347
27155
18963
35348
27156
35349
27157
35350
27158
35351
27159
35352
27160
35353
27161
27162
27163
2628
2629
2630
2631
2632
2633
2634
2635
2636
2637
2638
2639
2640
2641
10850
10851
10852
10853
10854
10855
10856
10857
19050
10858
19051
10859
19052
10860
19053
10861
19054
10862
19055
10863
35440
19056
35441
19057
35442
27250
19058
35443
27251
19059
35444
27252
19060
35445
27253
19061
35446
27254
19062
35447
27255
19063
35448
27256
27257
27258
27259
27260
27261
27262
27263
2701
2702
2703
2704
2705
2706
2707
2708
2709
2710
2711
2712
2713
2714
10950
10951
10952
10953
10954
10955
10956
10957
19150
10958
35535
19151
10959
35536
19152
10960
35537
19153
10961
35538
19154
10962
35539
19155
10963
35540
19156
35541
19157
35542
27350
19158
27351
19159
2775
27352
19160
2776
27353
19161
2777
27354
19162
2778
27355
19163
2779
27356
2780
27357
2781
27358
2782
27359
2783
27360
2784
27361
2785
27362
2786
27363
2787
2788
2850
2851
2852
2853
2854
2855
2856
2857
11050
2858
11051
2859
11052
2860
35629
11053
2861
35630
11054
2862
35631
11055
2863
35632
11056
35633
11057
35634
19250
11058
35635
19251
11059
19252
11060
19253
11061
19254
11062
19255
11063
19256
19257
27450
19258
27451
19259
27452
19260
27453
19261
27454
19262
27455
19263
27456
27457
27458
27459
27460
27461
27462
27463
2926
2927
2928
2929
2930
2931
2932
2933
2934
2935
2936
2937
2938
2939
35722
35723
35724
35725
35726
11150
35727
11151
11152
11153
11154
11155
11156
11157
19350
11158
19351
11159
19352
11160
19353
11161
19354
11162
19355
11163
19356
19357
27550
19358
27551
19359
27552
19360
27553
19361
27554
19362
27555
19363
27556
27557
27558
27559
27560
27561
27562
27563
3003
3004
3005
3006
3007
3008
3009
3010
3011
3012
3013
3014
3015
3016
35814
35815
35816
35817
35818
11250
11251
11252
11253
11254
11255
11256
11257
19450
11258
19451
11259
19452
11260
19453
11261
19454
11262
19455
11263
19456
19457
27650
19458
27651
19459
27652
19460
27653
19461
27654
19462
27655
19463
27656
27657
3081
27658
3082
27659
3083
27660
3084
27661
3085
27662
3086
27663
3087
3088
3089
3090
3091
3092
3093
3094
35905
35906
35907
35908
11350
11351
11352
3160
11353
3161
11354
3162
11355
3163
11356
3164
11357
3165
19550
11358
3166
19551
11359
3167
19552
11360
3168
19553
11361
3169
19554
11362
3170
19555
11363
3171
19556
3172
19557
3173
27750
19558
27751
19559
27752
19560
27753
19561
27754
19562
27755
19563
27756
27757
27758
27759
27760
27761
27762
27763
35995
35996
35997
3240
3241
3242
3243
3244
3245
3246
3247
3248
3249
3250
3251
3252
3253
11450
11451
11452
11453
11454
11455
11456
11457
19650
11458
19651
11459
19652
11460
19653
11461
19654
11462
19655
11463
19656
19657
27850
19658
27851
19659
27852
19660
27853
19661
27854
19662
27855
19663
27856
27857
27858
27859
27860
27861
27862
27863
36084
36085
3321
3322
3323
3324
3325
3326
3327
3328
3329
3330
3331
3332
3333
3334
11550
11551
11552
11553
11554
11555
11556
11557
19750
11558
19751
11559
19752
11560
19753
11561
19754
11562
19755
11563
19756
19757
27950
19758
27951
19759
27952
19760
27953
19761
27954
19762
27955
19763
27956
27957
27958
27959
27960
27961
27962
27963
3403
36172
3404
3405
3406
3407
3408
3409
3410
3411
3412
3413
3414
3415
3416
11650
11651
11652
11653
11654
11655
11656
11657
19850
11658
19851
11659
19852
11660
19853
11661
19854
11662
19855
11663
19856
19857
28050
19858
28051
19859
28052
19860
28053
19861
28054
19862
28055
19863
28056
28057
28058
28059
28060
28061
28062
3486
28063
3487
3488
3489
3490
3491
3492
3493
3494
3495
3496
3497
3498
3499
11750
11751
11752
11753
11754
11755
11756
11757
19950
11758
19951
11759
19952
11760
19953
11761
19954
11762
3570
19955
11763
3571
19956
3572
19957
3573
28150
19958
3574
28151
19959
3575
28152
19960
3576
28153
19961
3577
28154
19962
3578
28155
19963
3579
28156
3580
28157
3581
28158
3582
28159
3583
28160
28161
28162
28163
3655
3656
3657
11850
3658
11851
3659
11852
3660
11853
3661
11854
3662
11855
3663
11856
3664
11857
3665
20050
11858
3666
20051
11859
3667
20052
11860
3668
20053
11861
20054
11862
20055
11863
20056
20057
28250
20058
28251
20059
28252
20060
28253
20061
28254
20062
28255
20063
28256
28257
28258
28259
28260
28261
28262
28263
3741
3742
3743
3744
3745
3746
3747
3748
3749
3750
3751
3752
3753
3754
11950
11951
11952
11953
11954
11955
11956
11957
20150
11958
20151
11959
20152
11960
20153
11961
20154
11962
20155
11963
20156
20157
28350
20158
28351
20159
28352
20160
28353
20161
28354
20162
28355
20163
28356
28357
28358
28359
28360
28361
28362
28363
3828
3829
3830
3831
3832
3833
3834
3835
3836
3837
3838
3839
3840
3841
12050
12051
12052
12053
12054
12055
12056
12057
20250
12058
20251
12059
20252
12060
20253
12061
20254
12062
20255
12063
20256
20257
28450
20258
28451
20259
28452
20260
28453
20261
28454
20262
28455
20263
28456
28457
28458
28459
28460
28461
28462
28463
3916
3917
3918
3919
3920
3921
3922
3923
3924
3925
3926
3927
3928
3929
12150
12151
12152
12153
12154
12155
12156
12157
20350
12158
20351
12159
20352
12160
20353
12161
20354
12162
20355
12163
20356
20357
28550
20358
28551
20359
28552
20360
28553
20361
28554
20362
28555
20363
28556
28557
28558
28559
28560
28561
28562
28563
4005
4006
4007
4008
4009
4010
4011
4012
4013
4014
4015
4016
4017
4018
12250
12251
12252
12253
12254
12255
12256
12257
20450
12258
20451
12259
20452
12260
20453
12261
20454
12262
20455
12263
20456
20457
28650
20458
28651
20459
28652
20460
28653
20461
28654
20462
28655
20463
28656
28657
28658
28659
28660
28661
28662
28663
4095
4096
4097
4098
4099
4100
4101
4102
4103
4104
4105
4106
4107
4108
12350
12351
12352
12353
12354
12355
12356
12357
20550
12358
20551
12359
20552
12360
20553
12361
20554
12362
20555
12363
20556
20557
28750
20558
28751
20559
28752
20560
28753
20561
28754
20562
28755
20563
28756
28757
28758
28759
28760
28761
28762
4186
28763
4187
4188
4189
4190
4191
4192
4193
4194
4195
4196
4197
4198
4199
12450
12451
12452
12453
12454
12455
12456
12457
20650
12458
20651
12459
20652
12460
20653
12461
20654
12462
20655
12463
20656
20657
28850
20658
28851
20659
28852
20660
28853
20661
28854
20662
4278
28855
20663
4279
28856
4280
28857
4281
28858
4282
28859
4283
28860
4284
28861
4285
28862
4286
28863
4287
4288
4289
4290
4291
12550
12551
12552
12553
12554
12555
12556
12557
20750
12558
20751
12559
20752
12560
20753
12561
20754
12562
20755
12563
4371
20756
4372
20757
4373
28950
20758
4374
28951
20759
4375
28952
20760
4376
28953
20761
4377
28954
20762
4378
28955
20763
4379
28956
4380
28957
4381
28958
4382
28959
4383
28960
4384
28961
28962
28963
12650
12651
12652
12653
12654
12655
12656
12657
4465
20850
12658
4466
20851
12659
4467
20852
12660
4468
20853
12661
4469
20854
12662
4470
20855
12663
4471
20856
4472
20857
4473
29050
20858
4474
29051
20859
4475
29052
20860
4476
29053
20861
4477
29054
20862
4478
29055
20863
29056
29057
29058
29059
29060
29061
29062
29063
12750
12751
12752
4560
12753
4561
12754
4562
12755
4563
12756
4564
12757
4565
20950
12758
4566
20951
12759
4567
20952
12760
4568
20953
12761
4569
20954
12762
4570
20955
12763
4571
20956
4572
20957
4573
29150
20958
29151
20959
29152
20960
29153
20961
29154
20962
29155
20963
29156
29157
29158
29159
29160
29161
29162
29163
4656
4657
12850
4658
12851
4659
12852
4660
12853
4661
12854
4662
12855
4663
12856
4664
12857
4665
21050
12858
4666
21051
12859
4667
21052
12860
4668
21053
12861
4669
21054
12862
21055
12863
21056
21057
29250
21058
29251
21059
29252
21060
29253
21061
29254
21062
29255
21063
29256
29257
29258
29259
29260
29261
29262
29263
4753
4754
4755
4756
4757
12950
4758
12951
4759
12952
4760
12953
4761
12954
4762
12955
4763
12956
4764
12957
4765
21150
12958
4766
21151
12959
21152
12960
21153
12961
21154
12962
21155
12963
21156
21157
29350
21158
29351
21159
29352
21160
29353
21161
29354
21162
29355
21163
29356
29357
29358
29359
29360
29361
29362
29363
4851
4852
4853
4854
4855
4856
4857
13050
4858
13051
4859
13052
4860
13053
4861
13054
4862
13055
4863
13056
4864
13057
21250
13058
21251
13059
21252
13060
21253
13061
21254
13062
21255
13063
21256
21257
29450
21258
29451
21259
29452
21260
29453
21261
29454
21262
29455
21263
29456
29457
29458
29459
29460
29461
29462
29463
4950
4951
4952
4953
4954
4955
4956
4957
13150
4958
13151
4959
13152
4960
13153
4961
13154
4962
13155
4963
13156
13157
21350
13158
21351
13159
21352
13160
21353
13161
21354
13162
21355
13163
21356
21357
29550
21358
29551
21359
29552
21360
29553
21361
29554
21362
29555
21363
29556
29557
29558
29559
29560
29561
29562
29563
5050
5051
5052
5053
5054
5055
5056
5057
13250
5058
13251
5059
13252
5060
13253
5061
13254
5062
13255
5063
13256
13257
21450
13258
21451
13259
21452
13260
21453
13261
21454
13262
21455
13263
21456
21457
29650
21458
29651
21459
29652
21460
29653
21461
29654
21462
29655
21463
29656
29657
29658
29659
29660
29661
29662
29663
5150
5151
5152
5153
5154
5155
5156
5157
13350
5158
13351
5159
13352
5160
13353
5161
13354
5162
13355
5163
13356
13357
21550
13358
21551
13359
21552
13360
21553
13361
21554
13362
21555
13363
21556
21557
29750
21558
29751
21559
29752
21560
29753
21561
29754
21562
29755
21563
29756
29757
29758
29759
29760
29761
29762
29763
5250
5251
5252
5253
5254
5255
5256
5257
13450
5258
13451
5259
13452
5260
13453
5261
13454
5262
13455
5263
13456
13457
21650
13458
21651
13459
21652
13460
21653
13461
21654
13462
21655
13463
21656
21657
29850
21658
29851
21659
29852
21660
29853
21661
29854
21662
29855
21663
29856
29857
29858
29859
29860
29861
29862
29863
5350
5351
5352
5353
5354
5355
5356
5357
13550
5358
13551
5359
13552
5360
13553
5361
13554
5362
13555
5363
13556
13557
21750
13558
21751
13559
21752
13560
21753
13561
21754
13562
21755
13563
21756
21757
29950
21758
29951
21759
29952
21760
29953
21761
29954
21762
29955
21763
29956
29957
29958
29959
29960
29961
29962
29963
5450
5451
5452
5453
5454
5455
5456
5457
13650
5458
13651
5459
13652
5460
13653
5461
13654
5462
13655
5463
13656
13657
21850
13658
21851
13659
21852
13660
21853
13661
21854
13662
21855
13663
21856
21857
30050
21858
30051
21859
30052
21860
30053
21861
30054
21862
30055
21863
30056
30057
30058
30059
30060
30061
30062
30063
5550
5551
5552
5553
5554
5555
5556
5557
13750
5558
13751
5559
13752
5560
13753
5561
13754
5562
13755
5563
13756
13757
21950
13758
21951
13759
21952
13760
21953
13761
21954
13762
21955
13763
21956
21957
30150
21958
30151
21959
30152
21960
30153
21961
30154
21962
30155
21963
30156
30157
30158
30159
30160
30161
30162
30163
5650
5651
5652
5653
5654
5655
5656
5657
13850
5658
13851
5659
13852
5660
13853
5661
13854
5662
13855
5663
13856
13857
22050
13858
22051
13859
22052
13860
22053
13861
22054
13862
22055
13863
22056
22057
30250
22058
30251
22059
30252
22060
30253
22061
30254
22062
30255
22063
30256
30257
30258
30259
30260
30261
30262
30263
5750
5751
5752
5753
5754
5755
5756
5757
13950
5758
13951
5759
13952
5760
13953
5761
13954
5762
13955
5763
13956
13957
22150
13958
22151
13959
22152
13960
22153
13961
22154
13962
22155
13963
22156
22157
30350
22158
30351
22159
30352
22160
30353
22161
30354
22162
30355
22163
30356
30357
30358
30359
30360
30361
30362
30363
5850
5851
5852
5853
5854
5855
5856
5857
14050
5858
14051
5859
14052
5860
14053
5861
14054
5862
14055
5863
14056
14057
22250
14058
22251
14059
22252
14060
22253
14061
22254
14062
22255
14063
22256
22257
30450
22258
30451
22259
30452
22260
30453
22261
30454
22262
30455
22263
30456
30457
30458
30459
30460
30461
30462
30463
5950
5951
5952
5953
5954
5955
5956
5957
14150
5958
14151
5959
14152
5960
14153
5961
14154
5962
14155
5963
14156
14157
22350
14158
22351
14159
22352
14160
22353
14161
22354
14162
22355
14163
22356
22357
30550
22358
30551
22359
30552
22360
30553
22361
30554
22362
30555
22363
30556
30557
30558
30559
30560
30561
30562
30563
6050
6051
6052
6053
6054
6055
6056
6057
14250
6058
14251
6059
14252
6060
14253
6061
14254
6062
14255
6063
14256
14257
22450
14258
22451
14259
22452
14260
22453
14261
22454
14262
22455
14263
22456
22457
30650
22458
30651
22459
30652
22460
30653
22461
30654
22462
30655
22463
30656
30657
30658
30659
30660
30661
30662
30663
6150
6151
6152
6153
6154
6155
6156
6157
14350
6158
14351
6159
14352
6160
14353
6161
14354
6162
14355
6163
14356
14357
22550
14358
22551
14359
22552
14360
22553
14361
22554
14362
22555
14363
22556
22557
30750
22558
30751
22559
30752
22560
30753
22561
30754
22562
30755
22563
30756
30757
30758
30759
30760
30761
30762
30763
6250
6251
6252
6253
6254
6255
6256
6257
14450
6258
14451
6259
14452
6260
14453
6261
14454
6262
14455
6263
14456
14457
22650
14458
22651
14459
22652
14460
22653
14461
22654
14462
22655
14463
22656
22657
30850
22658
30851
22659
30852
22660
30853
22661
30854
22662
30855
22663
30856
30857
30858
30859
30860
30861
30862
30863
6350
6351
6352
6353
6354
6355
6356
6357
14550
6358
14551
6359
14552
6360
14553
6361
14554
6362
14555
6363
14556
14557
22750
14558
22751
14559
22752
14560
22753
14561
22754
14562
22755
14563
22756
22757
30950
22758
30951
22759
30952
22760
30953
22761
30954
22762
30955
22763
30956
30957
30958
30959
30960
30961
30962
30963
6450
6451
6452
6453
6454
6455
6456
6457
14650
6458
14651
6459
14652
6460
14653
6461
14654
6462
14655
6463
14656
14657
22850
14658
22851
14659
22852
14660
22853
14661
22854
14662
22855
14663
22856
22857
31050
22858
31051
22859
31052
22860
31053
22861
31054
22862
31055
22863
31056
31057
31058
31059
31060
31061
31062
31063
6550
6551
6552
6553
6554
6555
6556
6557
14750
6558
14751
6559
14752
6560
14753
6561
14754
6562
14755
6563
14756
14757
22950
14758
22951
14759
22952
14760
22953
14761
22954
14762
22955
14763
22956
22957
31150
22958
31151
22959
31152
22960
31153
22961
31154
22962
31155
22963
31156
31157
31158
31159
31160
31161
31162
31163
6650
6651
6652
6653
6654
6655
6656
6657
14850
6658
14851
6659
14852
6660
14853
6661
14854
6662
14855
6663
14856
14857
23050
14858
23051
14859
23052
14860
23053
14861
23054
14862
23055
14863
23056
23057
31250
23058
31251
23059
31252
23060
31253
23061
31254
23062
31255
23063
31256
31257
31258
31259
31260
31261
31262
31263
6750
6751
6752
6753
6754
6755
6756
6757
14950
6758
14951
6759
14952
6760
14953
6761
14954
6762
14955
6763
14956
14957
23150
14958
23151
14959
23152
14960
23153
14961
23154
14962
23155
14963
23156
23157
31350
23158
31351
23159
31352
23160
31353
23161
31354
23162
31355
23163
31356
31357
31358
31359
31360
31361
31362
31363
6850
6851
6852
6853
6854
6855
6856
6857
15050
6858
15051
6859
15052
6860
15053
6861
15054
6862
15055
6863
15056
15057
23250
15058
23251
15059
23252
15060
23253
15061
23254
15062
23255
15063
23256
23257
31450
23258
31451
23259
31452
23260
31453
23261
31454
23262
31455
23263
31456
31457
31458
31459
31460
31461
31462
31463
6950
6951
6952
6953
6954
6955
6956
6957
15150
6958
15151
6959
15152
6960
15153
6961
15154
6962
15155
6963
15156
15157
23350
15158
23351
15159
23352
15160
23353
15161
23354
15162
23355
15163
23356
23357
31550
23358
31551
23359
31552
23360
31553
23361
31554
23362
31555
23363
31556
31557
31558
31559
31560
31561
31562
31563
7050
7051
7052
7053
7054
7055
7056
7057
15250
7058
15251
7059
15252
7060
15253
7061
15254
7062
15255
7063
15256
15257
23450
15258
23451
15259
23452
15260
23453
15261
23454
15262
23455
15263
23456
23457
31650
23458
31651
23459
31652
23460
31653
23461
31654
23462
31655
23463
31656
31657
31658
31659
31660
31661
31662
31663
7150
7151
7152
7153
7154
7155
7156
7157
15350
7158
15351
7159
15352
7160
15353
7161
15354
7162
15355
7163
15356
15357
23550
15358
23551
15359
23552
15360
23553
15361
23554
15362
23555
15363
23556
23557
31750
23558
31751
23559
31752
23560
31753
23561
31754
23562
31755
23563
31756
31757
31758
31759
31760
31761
31762
31763
7250
7251
7252
7253
7254
7255
7256
7257
15450
7258
15451
7259
15452
7260
15453
7261
15454
7262
15455
7263
15456
15457
23650
15458
23651
15459
23652
15460
23653
15461
23654
15462
23655
15463
23656
23657
31850
23658
31851
23659
31852
23660
31853
23661
31854
23662
31855
23663
31856
31857
31858
31859
31860
31861
31862
31863
7350
7351
7352
7353
7354
7355
7356
7357
15550
7358
15551
7359
15552
7360
15553
7361
15554
7362
15555
7363
15556
15557
23750
15558
23751
15559
23752
15560
23753
15561
23754
15562
23755
15563
23756
23757
31950
23758
31951
23759
31952
23760
31953
23761
31954
23762
31955
23763
31956
31957
31958
31959
31960
31961
31962
31963
7450
7451
7452
7453
7454
7455
7456
7457
15650
7458
15651
7459
15652
7460
15653
7461
15654
7462
15655
7463
15656
15657
23850
15658
23851
15659
23852
15660
23853
15661
23854
15662
23855
15663
23856
23857
32050
23858
32051
23859
32052
23860
32053
23861
32054
23862
32055
23863
32056
32057
32058
32059
32060
32061
32062
32063
7550
7551
7552
7553
7554
7555
7556
7557
15750
7558
15751
7559
15752
7560
15753
7561
15754
7562
15755
7563
15756
15757
23950
15758
23951
15759
23952
15760
23953
15761
23954
15762
23955
15763
23956
23957
32150
23958
32151
23959
32152
23960
32153
23961
32154
23962
32155
23963
32156
32157
32158
32159
32160
32161
32162
32163
7650
7651
7652
7653
7654
7655
7656
7657
15850
7658
15851
7659
15852
7660
15853
7661
15854
7662
15855
7663
15856
15857
24050
15858
24051
15859
24052
15860
24053
15861
24054
15862
24055
15863
24056
24057
32250
24058
32251
24059
32252
24060
32253
24061
32254
24062
32255
24063
32256
32257
32258
32259
32260
32261
32262
32263
7750
7751
7752
7753
7754
7755
7756
7757
15950
7758
15951
7759
15952
7760
15953
7761
15954
7762
15955
7763
15956
15957
24150
15958
24151
15959
24152
15960
24153
15961
24154
15962
24155
15963
24156
24157
32350
24158
32351
24159
32352
24160
32353
24161
32354
24162
32355
24163
32356
32357
32358
32359
32360
32361
32362
32363
7850
7851
7852
7853
7854
7855
7856
7857
16050
7858
16051
7859
16052
7860
16053
7861
16054
7862
16055
7863
16056
16057
24250
16058
24251
16059
24252
16060
24253
16061
24254
16062
24255
16063
24256
24257
32450
24258
32451
24259
32452
24260
32453
24261
32454
24262
32455
24263
32456
32457
32458
32459
32460
32461
32462
32463
7950
7951
7952
7953
7954
7955
7956
7957
16150
7958
16151
7959
16152
7960
16153
7961
16154
7962
16155
7963
16156
16157
24350
16158
24351
16159
24352
16160
24353
16161
24354
16162
24355
16163
24356
24357
32550
24358
32551
24359
32552
24360
32553
24361
32554
24362
32555
24363
32556
32557
32558
32559
32560
32561
32562
32563
8050
8051
8052
8053
8054
8055
8056
8057
16250
8058
16251
8059
16252
8060
16253
8061
16254
8062
16255
8063
16256
16257
24450
16258
24451
16259
24452
16260
24453
16261
24454
16262
24455
16263
24456
24457
32650
24458
32651
24459
32652
24460
32653
24461
32654
24462
32655
24463
32656
32657
32658
32659
32660
32661
32662
32663
8150
8151
8152
8153
8154
8155
8156
8157
16350
8158
16351
8159
16352
8160
16353
8161
16354
8162
16355
8163
16356
16357
24550
16358
24551
16359
24552
16360
24553
16361
24554
16362
24555
16363
24556
24557
32750
24558
32751
24559
32752
24560
32753
24561
32754
24562
32755
24563
32756
32757
32758
32759
32760
32761
32762
32763
)


// ************************************************************************* //
