/*--------------------------------*- C++ -*----------------------------------*\
| =========                 |                                                 |
| \\      /  F ield         | OpenFOAM: The Open Source CFD Toolbox           |
|  \\    /   O peration     | Version:  2212                                  |
|   \\  /    A nd           | Website:  www.openfoam.com                      |
|    \\/     M anipulation  |                                                 |
\*---------------------------------------------------------------------------*/
FoamFile
{
    version     2.0;
    format      ascii;
    arch        "LSB;label=32;scalar=64";
    class       cellSet;
    location    "constant/polyMesh/sets";
    object      underdeterminedCells;
}
// * * * * * * * * * * * * * * * * * * * * * * * * * * * * * * * * * * * * * //


11200
(
0
1
2
3
4
5
6
7
8
9
10
11
12
13
14
15
16
16400
17
16401
18
16402
19
16403
20
16404
21
16405
22
16406
23
16407
24
16408
25
16409
26
16410
27
16411
28
16412
29
16413
30
31
32
32800
33
32801
34
32802
35
32803
36
32804
37
32805
38
32806
39
32807
40
32808
41
32809
42
32810
43
32811
44
32812
45
32813
46
47
49200
48
49201
49
49202
50
49203
51
49204
52
49205
53
49206
54
49207
55
49208
56
49209
57
49210
58
49211
59
49212
60
49213
61
62
63
65600
64
65601
65
65602
66
65603
67
65604
68
65605
69
65606
70
65607
71
65608
72
65609
73
65610
74
65611
75
65612
76
65613
77
78
79
80
81
82
83
84
85
86
87
88
89
90
91
92
93
94
95
96
97
98
99
100
101
102
103
104
105
106
107
108
109
110
111
112
113
114
115
116
16500
117
16501
118
16502
119
16503
120
16504
121
16505
122
16506
123
16507
124
16508
125
16509
126
16510
127
16511
128
16512
129
16513
130
131
132
32900
133
32901
134
32902
135
32903
136
32904
137
32905
138
32906
139
32907
140
32908
141
32909
142
32910
143
32911
144
32912
145
32913
146
147
49300
148
49301
149
49302
150
49303
151
49304
152
49305
153
49306
154
49307
155
49308
156
49309
157
49310
158
49311
159
49312
160
49313
161
162
163
65700
164
65701
165
65702
166
65703
167
65704
168
65705
169
65706
170
65707
171
65708
172
65709
173
65710
174
65711
175
65712
176
65713
177
178
179
180
181
182
183
184
185
186
187
188
189
190
191
192
193
194
195
196
197
198
199
200
201
202
203
204
205
206
207
208
209
210
211
212
213
214
215
216
16600
217
16601
218
16602
219
16603
220
16604
221
16605
222
16606
223
16607
16608
225
16609
226
16610
227
16611
228
16612
229
16613
230
231
232
33000
233
33001
234
33002
235
33003
236
33004
237
33005
238
33006
33007
240
33008
241
33009
242
33010
243
33011
244
33012
245
33013
246
247
49400
248
49401
249
49402
250
49403
251
49404
252
49405
253
49406
49407
49408
256
49409
257
49410
258
49411
259
49412
260
49413
261
262
263
65800
264
65801
265
65802
266
65803
267
65804
268
65805
269
65806
65807
65808
272
65809
273
65810
274
65811
275
65812
276
65813
277
278
279
280
281
282
283
284
285
289
290
291
292
293
294
295
296
297
298
299
300
301
302
306
307
308
309
310
311
312
313
314
315
316
16700
317
16701
318
16702
319
16703
16704
16705
16706
16707
324
16708
325
16709
326
16710
327
16711
328
16712
329
16713
330
331
332
33100
333
33101
334
33102
335
33103
336
33104
337
33105
33106
33107
33108
33109
342
33110
343
33111
344
33112
345
33113
346
347
49500
348
49501
349
49502
350
49503
351
49504
352
49505
353
49506
354
49507
355
49508
49509
49510
49511
49512
49513
361
362
363
65900
364
65901
365
65902
366
65903
367
65904
368
65905
369
65906
370
65907
371
65908
372
65909
373
65910
374
65911
65912
65913
380
381
382
383
384
385
386
387
388
389
390
391
392
393
400
401
402
403
404
405
406
407
408
409
410
411
412
413
16800
16801
16802
16803
420
16804
421
16805
422
16806
423
16807
424
16808
425
16809
426
16810
427
16811
428
16812
429
16813
430
431
432
33200
433
33201
33202
33203
33204
33205
33206
33207
33208
441
33209
442
33210
443
33211
444
33212
445
33213
446
447
49600
448
49601
449
49602
450
49603
451
49604
452
49605
453
49606
454
49607
49608
49609
49610
49611
49612
49613
462
463
66000
464
66001
465
66002
466
66003
467
66004
468
66005
469
66006
470
66007
471
66008
472
66009
473
66010
474
66011
475
66012
66013
484
485
486
487
488
489
490
491
492
493
494
495
496
497
506
507
508
509
510
511
512
513
514
515
516
16900
517
16901
518
16902
519
16903
16904
16905
16906
16907
16908
16909
16910
16911
16912
529
16913
530
531
532
33300
533
33301
534
33302
535
33303
536
33304
537
33305
538
33306
539
33307
540
33308
541
33309
542
33310
33311
33312
33313
49700
49701
49702
49703
49704
552
49705
553
49706
554
49707
555
49708
556
49709
557
49710
558
49711
559
49712
560
49713
561
562
563
66100
564
66101
565
66102
66103
66104
66105
66106
66107
66108
66109
66110
66111
66112
576
66113
577
578
579
580
581
582
583
584
585
586
587
588
589
600
601
602
603
604
605
606
607
608
609
610
611
612
613
17000
17001
17002
17003
17004
17005
17006
17007
17008
625
17009
626
17010
627
17011
628
17012
629
17013
630
631
632
33400
633
33401
634
33402
635
33403
636
33404
637
33405
638
33406
33407
33408
33409
33410
33411
33412
33413
49800
49801
49802
650
49803
651
49804
652
49805
653
49806
654
49807
655
49808
656
49809
657
49810
658
49811
659
49812
660
49813
661
662
663
66200
66201
66202
66203
66204
66205
66206
66207
66208
66209
66210
66211
66212
676
66213
677
678
679
680
681
682
683
684
685
686
687
688
689
702
703
704
705
706
707
708
709
710
711
712
713
714
715
17100
17101
17102
17103
17104
17105
17106
17107
17108
17109
17110
17111
17112
729
17113
730
731
732
33500
733
33501
734
33502
735
33503
736
33504
737
33505
738
33506
739
33507
740
33508
741
33509
742
33510
33511
33512
33513
49900
49901
49902
49903
49904
49905
49906
49907
49908
756
49909
757
49910
758
49911
759
49912
760
49913
761
762
763
66300
764
66301
765
66302
766
66303
767
66304
768
66305
769
66306
66307
66308
66309
66310
66311
66312
66313
784
785
786
787
788
789
790
791
792
793
794
795
796
797
812
813
814
815
816
17200
817
17201
818
17202
819
17203
820
17204
821
17205
822
17206
823
17207
824
17208
825
17209
17210
17211
17212
17213
33600
33601
33602
33603
33604
33605
33606
33607
33608
841
33609
842
33610
843
33611
844
33612
845
33613
846
847
50000
848
50001
849
50002
850
50003
851
50004
852
50005
853
50006
854
50007
50008
50009
50010
50011
50012
50013
66400
66401
66402
66403
66404
66405
66406
870
66407
871
66408
872
66409
873
66410
874
66411
875
66412
876
66413
877
878
879
880
881
882
883
900
901
902
903
904
905
906
907
908
909
910
911
912
913
17300
17301
17302
17303
17304
17305
17306
17307
17308
17309
17310
17311
17312
17313
930
931
932
33700
933
33701
934
33702
935
33703
936
33704
937
33705
938
33706
939
33707
940
33708
941
33709
942
33710
943
33711
33712
33713
50100
50101
50102
50103
50104
50105
50106
50107
50108
50109
50110
50111
50112
50113
961
962
963
66500
964
66501
965
66502
966
66503
967
66504
968
66505
969
66506
970
66507
971
66508
972
66509
973
66510
974
66511
66512
66513
992
993
994
995
996
997
998
999
1000
1001
1002
1003
1004
1005
17400
17401
17402
17403
17404
17405
17406
17407
1024
17408
1025
17409
1026
17410
1027
17411
1028
17412
1029
17413
1030
1031
1032
33800
1033
33801
1034
33802
1035
33803
1036
33804
1037
33805
33806
33807
33808
33809
33810
33811
33812
33813
50200
50201
50202
50203
50204
50205
50206
50207
50208
1056
50209
1057
50210
1058
50211
1059
50212
1060
50213
1061
1062
1063
66600
1064
66601
1065
66602
1066
66603
1067
66604
1068
66605
1069
66606
66607
66608
66609
66610
66611
66612
66613
1089
1090
1091
1092
1093
1094
1095
1096
1097
1098
1099
1100
1101
1102
17500
17501
17502
17503
17504
17505
1122
17506
1123
17507
1124
17508
1125
17509
1126
17510
1127
17511
1128
17512
1129
17513
1130
1131
1132
33900
1133
33901
1134
33902
1135
33903
33904
33905
33906
33907
33908
33909
33910
33911
33912
33913
50300
50301
50302
50303
50304
50305
50306
50307
50308
1156
50309
1157
50310
1158
50311
1159
50312
1160
50313
1161
1162
1163
66700
1164
66701
1165
66702
1166
66703
1167
66704
1168
66705
1169
66706
66707
66708
66709
66710
66711
66712
66713
1190
1191
1192
1193
1194
1195
1196
1197
1198
1199
1200
1201
1202
1203
17600
17601
17602
17603
17604
17605
17606
17607
17608
1225
17609
1226
17610
1227
17611
1228
17612
1229
17613
1230
1231
1232
34000
1233
34001
1234
34002
1235
34003
1236
34004
1237
34005
1238
34006
34007
34008
34009
34010
34011
34012
34013
50400
50401
50402
50403
50404
50405
50406
50407
50408
50409
50410
50411
50412
1260
50413
1261
1262
1263
66800
1264
66801
1265
66802
1266
66803
1267
66804
1268
66805
1269
66806
1270
66807
1271
66808
1272
66809
1273
66810
66811
66812
66813
1296
1297
1298
1299
1300
1301
1302
1303
1304
1305
1306
1307
1308
1309
17700
17701
17702
17703
17704
17705
17706
17707
17708
17709
17710
17711
17712
17713
1332
34100
1333
34101
1334
34102
1335
34103
1336
34104
1337
34105
1338
34106
1339
34107
1340
34108
1341
34109
1342
34110
1343
34111
1344
34112
1345
34113
50500
50501
50502
50503
50504
50505
50506
50507
50508
50509
50510
50511
50512
50513
66900
66901
66902
66903
66904
66905
1369
66906
1370
66907
1371
66908
1372
66909
1373
66910
1374
66911
1375
66912
1376
66913
1377
1378
1379
1380
1381
1382
1406
1407
1408
1409
1410
1411
1412
1413
1414
1415
1416
17800
1417
17801
1418
17802
1419
17803
17804
17805
17806
17807
17808
17809
17810
17811
17812
17813
34200
34201
34202
34203
34204
34205
34206
34207
34208
34209
34210
34211
1444
34212
1445
34213
1446
1447
50600
1448
50601
1449
50602
1450
50603
1451
50604
1452
50605
1453
50606
1454
50607
1455
50608
1456
50609
1457
50610
50611
50612
50613
67000
67001
67002
67003
67004
67005
67006
67007
67008
67009
67010
67011
67012
67013
1482
1483
1484
1485
1486
1487
1488
1489
1490
1491
1492
1493
1494
1495
17900
17901
17902
17903
17904
1521
17905
1522
17906
1523
17907
1524
17908
1525
17909
1526
17910
1527
17911
1528
17912
1529
17913
1530
1531
1532
34300
1533
34301
1534
34302
34303
34304
34305
34306
34307
34308
34309
34310
34311
34312
34313
50700
50701
50702
50703
50704
50705
50706
50707
50708
50709
50710
50711
50712
1560
50713
1561
1562
1563
67100
1564
67101
1565
67102
1566
67103
1567
67104
1568
67105
1569
67106
1570
67107
1571
67108
1572
67109
1573
67110
67111
67112
67113
1600
1601
1602
1603
1604
1605
1606
1607
1608
1609
1610
1611
1612
1613
18000
18001
18002
18003
18004
18005
18006
18007
18008
18009
18010
18011
18012
18013
34400
34401
34402
34403
34404
34405
34406
34407
1640
34408
1641
34409
1642
34410
1643
34411
1644
34412
1645
34413
1646
1647
50800
1648
50801
1649
50802
1650
50803
1651
50804
1652
50805
1653
50806
50807
50808
50809
50810
50811
50812
50813
67200
67201
67202
67203
67204
67205
67206
67207
67208
67209
67210
67211
67212
67213
1681
1682
1683
1684
1685
1686
1687
1688
1689
1690
1691
1692
1693
1694
18100
18101
18102
18103
18104
18105
1722
18106
1723
18107
1724
18108
1725
18109
1726
18110
1727
18111
1728
18112
1729
18113
1730
1731
1732
34500
1733
34501
1734
34502
1735
34503
34504
34505
34506
34507
34508
34509
34510
34511
34512
34513
50900
50901
50902
50903
50904
50905
50906
50907
50908
50909
50910
50911
50912
50913
67300
1764
67301
1765
67302
1766
67303
1767
67304
1768
67305
1769
67306
1770
67307
1771
67308
1772
67309
1773
67310
1774
67311
1775
67312
1776
67313
1777
1806
1807
1808
1809
1810
1811
1812
1813
1814
1815
1816
18200
1817
18201
1818
18202
1819
18203
18204
18205
18206
18207
18208
18209
18210
18211
18212
18213
34600
34601
34602
34603
34604
34605
34606
34607
34608
34609
34610
34611
34612
34613
51000
51001
1849
51002
1850
51003
1851
51004
1852
51005
1853
51006
1854
51007
1855
51008
1856
51009
1857
51010
1858
51011
1859
51012
1860
51013
1861
1862
67400
67401
67402
67403
67404
67405
67406
67407
67408
67409
67410
67411
67412
67413
1892
1893
1894
1895
1896
1897
1898
1899
1900
1901
1902
1903
1904
1905
18300
18301
18302
18303
18304
18305
18306
18307
18308
18309
18310
18311
18312
18313
34700
34701
34702
34703
1936
34704
1937
34705
1938
34706
1939
34707
1940
34708
1941
34709
1942
34710
1943
34711
1944
34712
1945
34713
1946
1947
51100
1948
51101
1949
51102
51103
51104
51105
51106
51107
51108
51109
51110
51111
51112
51113
67500
67501
67502
67503
67504
67505
67506
67507
67508
67509
67510
67511
67512
67513
1980
1981
1982
1983
1984
1985
1986
1987
1988
1989
1990
1991
1992
1993
18400
18401
18402
18403
18404
18405
18406
18407
18408
2025
18409
2026
18410
2027
18411
2028
18412
2029
18413
2030
2031
2032
34800
2033
34801
2034
34802
2035
34803
2036
34804
2037
34805
2038
34806
34807
34808
34809
34810
34811
34812
34813
51200
51201
51202
51203
51204
51205
51206
51207
51208
51209
51210
51211
51212
51213
67600
67601
67602
67603
67604
67605
67606
2070
67607
2071
67608
2072
67609
2073
67610
2074
67611
2075
67612
2076
67613
2077
2078
2079
2080
2081
2082
2083
2116
18500
2117
18501
2118
18502
2119
18503
2120
18504
2121
18505
2122
18506
2123
18507
2124
18508
2125
18509
2126
18510
2127
18511
2128
18512
2129
18513
34900
34901
34902
34903
34904
34905
34906
34907
34908
34909
34910
34911
34912
34913
51300
51301
51302
51303
51304
51305
51306
51307
51308
51309
51310
51311
51312
51313
2162
2163
67700
2164
67701
2165
67702
2166
67703
2167
67704
2168
67705
2169
67706
2170
67707
2171
67708
2172
67709
2173
67710
2174
67711
2175
67712
67713
2209
2210
2211
2212
2213
2214
2215
2216
18600
2217
18601
2218
18602
2219
18603
2220
18604
2221
18605
2222
18606
18607
18608
18609
18610
18611
18612
18613
35000
35001
35002
35003
35004
35005
35006
35007
35008
35009
35010
35011
35012
35013
51400
51401
51402
51403
51404
51405
51406
51407
51408
2256
51409
2257
51410
2258
51411
2259
51412
2260
51413
2261
2262
2263
67800
2264
67801
2265
67802
2266
67803
2267
67804
2268
67805
2269
67806
67807
67808
67809
67810
67811
67812
67813
2304
2305
2306
2307
2308
2309
2310
2311
2312
2313
2314
2315
2316
18700
2317
18701
18702
18703
18704
18705
18706
18707
18708
18709
18710
18711
18712
18713
35100
35101
35102
35103
35104
35105
35106
35107
35108
35109
35110
35111
35112
35113
51500
51501
51502
51503
51504
2352
51505
2353
51506
2354
51507
2355
51508
2356
51509
2357
51510
2358
51511
2359
51512
2360
51513
2361
2362
2363
67900
2364
67901
2365
67902
67903
67904
67905
67906
67907
67908
67909
67910
67911
67912
67913
2401
2402
2403
2404
2405
2406
2407
2408
2409
2410
2411
2412
2413
2414
18800
18801
18802
18803
18804
18805
18806
18807
18808
18809
18810
18811
18812
18813
35200
35201
35202
35203
35204
35205
35206
35207
35208
35209
35210
35211
35212
35213
51600
51601
51602
2450
51603
2451
51604
2452
51605
2453
51606
2454
51607
2455
51608
2456
51609
2457
51610
2458
51611
2459
51612
2460
51613
2461
2462
2463
68000
68001
68002
68003
68004
68005
68006
68007
68008
68009
68010
68011
68012
68013
2500
2501
2502
2503
2504
2505
2506
2507
2508
2509
2510
2511
2512
2513
18900
18901
18902
18903
18904
18905
18906
18907
18908
18909
18910
18911
18912
18913
35300
35301
35302
35303
35304
35305
35306
35307
35308
35309
35310
35311
35312
35313
51700
51701
51702
2550
51703
2551
51704
2552
51705
2553
51706
2554
51707
2555
51708
2556
51709
2557
51710
2558
51711
2559
51712
2560
51713
2561
2562
2563
68100
68101
68102
68103
68104
68105
68106
68107
68108
68109
68110
68111
68112
68113
2601
2602
2603
2604
2605
2606
2607
2608
2609
2610
2611
2612
2613
2614
19000
19001
19002
19003
19004
19005
19006
19007
19008
19009
19010
19011
19012
19013
35400
35401
35402
35403
35404
35405
35406
35407
35408
35409
35410
35411
35412
35413
51800
51801
51802
51803
51804
2652
51805
2653
51806
2654
51807
2655
51808
2656
51809
2657
51810
2658
51811
2659
51812
2660
51813
2661
2662
2663
68200
2664
68201
2665
68202
68203
68204
68205
68206
68207
68208
68209
68210
68211
68212
68213
2704
2705
2706
2707
2708
2709
2710
2711
2712
2713
2714
2715
2716
19100
2717
19101
19102
19103
19104
19105
19106
19107
19108
19109
19110
19111
19112
19113
35500
35501
35502
35503
35504
35505
35506
35507
35508
35509
35510
35511
35512
35513
51900
51901
51902
51903
51904
51905
51906
51907
51908
2756
51909
2757
51910
2758
51911
2759
51912
2760
51913
2761
2762
2763
68300
2764
68301
2765
68302
2766
68303
2767
68304
2768
68305
2769
68306
68307
68308
68309
68310
68311
68312
68313
2809
2810
2811
2812
2813
2814
2815
2816
19200
2817
19201
2818
19202
2819
19203
2820
19204
2821
19205
2822
19206
19207
19208
19209
19210
19211
19212
19213
35600
35601
35602
35603
35604
35605
35606
35607
35608
35609
35610
35611
35612
35613
52000
52001
52002
52003
52004
52005
52006
52007
52008
52009
52010
52011
52012
52013
2862
2863
68400
2864
68401
2865
68402
2866
68403
2867
68404
2868
68405
2869
68406
2870
68407
2871
68408
2872
68409
2873
68410
2874
68411
2875
68412
68413
2916
19300
2917
19301
2918
19302
2919
19303
2920
19304
2921
19305
2922
19306
2923
19307
2924
19308
2925
19309
2926
19310
2927
19311
2928
19312
2929
19313
35700
35701
35702
35703
35704
35705
35706
35707
35708
35709
35710
35711
35712
35713
52100
52101
52102
52103
52104
52105
52106
52107
52108
52109
52110
52111
52112
52113
68500
68501
68502
68503
68504
68505
68506
2970
68507
2971
68508
2972
68509
2973
68510
2974
68511
2975
68512
2976
68513
2977
2978
2979
2980
2981
2982
2983
19400
19401
19402
19403
19404
19405
19406
19407
19408
3025
19409
3026
19410
3027
19411
3028
19412
3029
19413
3030
3031
3032
35800
3033
35801
3034
35802
3035
35803
3036
35804
3037
35805
3038
35806
35807
35808
35809
35810
35811
35812
35813
52200
52201
52202
52203
52204
52205
52206
52207
52208
52209
52210
52211
52212
52213
68600
68601
68602
68603
68604
68605
68606
68607
68608
68609
68610
68611
68612
68613
3080
3081
3082
3083
3084
3085
3086
3087
3088
3089
3090
3091
3092
3093
19500
19501
19502
19503
19504
19505
19506
19507
19508
19509
19510
19511
19512
19513
35900
35901
35902
35903
3136
35904
3137
35905
3138
35906
3139
35907
3140
35908
3141
35909
3142
35910
3143
35911
3144
35912
3145
35913
3146
3147
52300
3148
52301
3149
52302
52303
52304
52305
52306
52307
52308
52309
52310
52311
52312
52313
68700
68701
68702
68703
68704
68705
68706
68707
68708
68709
68710
68711
68712
68713
3192
3193
3194
3195
3196
3197
3198
3199
3200
3201
3202
3203
3204
3205
19600
19601
19602
19603
19604
19605
19606
19607
19608
19609
19610
19611
19612
19613
36000
36001
36002
36003
36004
36005
36006
36007
36008
36009
36010
36011
36012
36013
52400
52401
3249
52402
3250
52403
3251
52404
3252
52405
3253
52406
3254
52407
3255
52408
3256
52409
3257
52410
3258
52411
3259
52412
3260
52413
3261
3262
68800
68801
68802
68803
68804
68805
68806
68807
68808
68809
68810
68811
68812
68813
3306
3307
3308
3309
3310
3311
3312
3313
3314
3315
3316
19700
3317
19701
3318
19702
3319
19703
19704
19705
19706
19707
19708
19709
19710
19711
19712
19713
36100
36101
36102
36103
36104
36105
36106
36107
36108
36109
36110
36111
36112
36113
52500
52501
52502
52503
52504
52505
52506
52507
52508
52509
52510
52511
52512
52513
68900
3364
68901
3365
68902
3366
68903
3367
68904
3368
68905
3369
68906
3370
68907
3371
68908
3372
68909
3373
68910
3374
68911
3375
68912
3376
68913
3377
19800
19801
19802
19803
19804
19805
3422
19806
3423
19807
3424
19808
3425
19809
3426
19810
3427
19811
3428
19812
3429
19813
3430
3431
3432
36200
3433
36201
3434
36202
3435
36203
36204
36205
36206
36207
36208
36209
36210
36211
36212
36213
52600
52601
52602
52603
52604
52605
52606
52607
52608
52609
52610
52611
52612
52613
69000
69001
69002
69003
69004
69005
69006
69007
69008
69009
69010
69011
69012
69013
3481
3482
3483
3484
3485
3486
3487
3488
3489
3490
3491
3492
3493
3494
19900
19901
19902
19903
19904
19905
19906
19907
19908
19909
19910
19911
19912
19913
36300
36301
36302
36303
36304
36305
36306
36307
3540
36308
3541
36309
3542
36310
3543
36311
3544
36312
3545
36313
3546
3547
52700
3548
52701
3549
52702
3550
52703
3551
52704
3552
52705
3553
52706
52707
52708
52709
52710
52711
52712
52713
69100
69101
69102
69103
69104
69105
69106
69107
69108
69109
69110
69111
69112
69113
3600
3601
3602
3603
3604
3605
3606
3607
3608
3609
3610
3611
3612
3613
20000
20001
20002
20003
20004
20005
20006
20007
20008
20009
20010
20011
20012
20013
36400
36401
36402
36403
36404
36405
36406
36407
36408
36409
36410
36411
36412
36413
52800
52801
52802
52803
52804
52805
52806
52807
52808
52809
52810
52811
52812
3660
52813
3661
3662
3663
69200
3664
69201
3665
69202
3666
69203
3667
69204
3668
69205
3669
69206
3670
69207
3671
69208
3672
69209
3673
69210
69211
69212
69213
20100
20101
20102
20103
20104
3721
20105
3722
20106
3723
20107
3724
20108
3725
20109
3726
20110
3727
20111
3728
20112
3729
20113
3730
3731
3732
36500
3733
36501
3734
36502
36503
36504
36505
36506
36507
36508
36509
36510
36511
36512
36513
52900
52901
52902
52903
52904
52905
52906
52907
52908
52909
52910
52911
52912
52913
69300
69301
69302
69303
69304
69305
69306
69307
69308
69309
69310
69311
69312
69313
3782
3783
3784
3785
3786
3787
3788
3789
3790
3791
3792
3793
3794
3795
20200
20201
20202
20203
20204
20205
20206
20207
20208
20209
20210
20211
20212
20213
36600
36601
36602
36603
36604
36605
36606
36607
36608
36609
36610
36611
3844
36612
3845
36613
3846
3847
53000
3848
53001
3849
53002
3850
53003
3851
53004
3852
53005
3853
53006
3854
53007
3855
53008
3856
53009
3857
53010
53011
53012
53013
69400
69401
69402
69403
69404
69405
69406
69407
69408
69409
69410
69411
69412
69413
3906
3907
3908
3909
3910
3911
3912
3913
3914
3915
3916
20300
3917
20301
3918
20302
3919
20303
20304
20305
20306
20307
20308
20309
20310
20311
20312
20313
36700
36701
36702
36703
36704
36705
36706
36707
36708
36709
36710
36711
36712
36713
53100
53101
53102
53103
53104
53105
53106
53107
53108
53109
53110
53111
53112
53113
69500
69501
69502
69503
69504
69505
3969
69506
3970
69507
3971
69508
3972
69509
3973
69510
3974
69511
3975
69512
3976
69513
3977
3978
3979
3980
3981
3982
20400
20401
20402
20403
20404
20405
20406
20407
20408
20409
20410
20411
20412
20413
4032
36800
4033
36801
4034
36802
4035
36803
4036
36804
4037
36805
4038
36806
4039
36807
4040
36808
4041
36809
4042
36810
4043
36811
4044
36812
4045
36813
53200
53201
53202
53203
53204
53205
53206
53207
53208
53209
53210
53211
53212
53213
69600
69601
69602
69603
69604
69605
69606
69607
69608
69609
69610
69611
69612
69613
4096
4097
4098
4099
4100
4101
4102
4103
4104
4105
4106
4107
4108
4109
20500
20501
20502
20503
20504
20505
20506
20507
20508
20509
20510
20511
20512
20513
36900
36901
36902
36903
36904
36905
36906
36907
36908
36909
36910
36911
36912
36913
53300
53301
53302
53303
53304
53305
53306
53307
53308
53309
53310
53311
53312
4160
53313
4161
4162
4163
69700
4164
69701
4165
69702
4166
69703
4167
69704
4168
69705
4169
69706
4170
69707
4171
69708
4172
69709
4173
69710
69711
69712
69713
20600
20601
20602
20603
20604
20605
20606
20607
20608
4225
20609
4226
20610
4227
20611
4228
20612
4229
20613
4230
4231
4232
37000
4233
37001
4234
37002
4235
37003
4236
37004
4237
37005
4238
37006
37007
37008
37009
37010
37011
37012
37013
53400
53401
53402
53403
53404
53405
53406
53407
53408
53409
53410
53411
53412
53413
69800
69801
69802
69803
69804
69805
69806
69807
69808
69809
69810
69811
69812
69813
4290
4291
4292
4293
4294
4295
4296
4297
4298
4299
4300
4301
4302
4303
20700
20701
20702
20703
20704
20705
20706
20707
20708
20709
20710
20711
20712
20713
37100
37101
37102
37103
37104
37105
37106
37107
37108
37109
37110
37111
37112
37113
53500
53501
53502
53503
53504
53505
53506
53507
53508
4356
53509
4357
53510
4358
53511
4359
53512
4360
53513
4361
4362
4363
69900
4364
69901
4365
69902
4366
69903
4367
69904
4368
69905
4369
69906
69907
69908
69909
69910
69911
69912
69913
20800
20801
20802
20803
20804
20805
4422
20806
4423
20807
4424
20808
4425
20809
4426
20810
4427
20811
4428
20812
4429
20813
4430
4431
4432
37200
4433
37201
4434
37202
4435
37203
37204
37205
37206
37207
37208
37209
37210
37211
37212
37213
53600
53601
53602
53603
53604
53605
53606
53607
53608
53609
53610
53611
53612
53613
70000
70001
70002
70003
70004
70005
70006
70007
70008
70009
70010
70011
70012
70013
4489
4490
4491
4492
4493
4494
4495
4496
4497
4498
4499
4500
4501
4502
20900
20901
20902
20903
20904
20905
20906
20907
20908
20909
20910
20911
20912
20913
37300
37301
37302
37303
37304
37305
37306
37307
37308
37309
37310
37311
37312
37313
53700
53701
53702
53703
53704
53705
53706
53707
53708
4556
53709
4557
53710
4558
53711
4559
53712
4560
53713
4561
4562
4563
70100
4564
70101
4565
70102
4566
70103
4567
70104
4568
70105
4569
70106
70107
70108
70109
70110
70111
70112
21000
21001
21002
21003
21004
21005
21006
21007
4624
21008
4625
21009
4626
21010
4627
21011
4628
21012
4629
21013
4630
4631
4632
37400
4633
37401
4634
37402
4635
37403
4636
37404
4637
37405
37406
37407
37408
37409
37410
37411
37412
37413
53800
53801
53802
53803
53804
53805
53806
53807
53808
53809
53810
53811
53812
53813
70199
70200
70201
70202
70203
70204
70205
70206
70207
70208
70209
70210
70211
4692
4693
4694
4695
4696
4697
4698
4699
4700
4701
4702
4703
4704
4705
21100
21101
21102
21103
21104
21105
21106
21107
21108
21109
21110
21111
21112
21113
37500
37501
37502
37503
37504
37505
37506
37507
37508
37509
37510
37511
37512
37513
53900
53901
53902
53903
53904
53905
53906
53907
53908
53909
53910
53911
53912
53913
4761
70298
4762
70299
4763
70300
4764
70301
4765
70302
4766
70303
4767
70304
4768
70305
4769
70306
4770
70307
4771
70308
4772
70309
4773
4774
21200
21201
21202
21203
21204
21205
21206
21207
21208
21209
21210
21211
21212
21213
4830
4831
4832
37600
4833
37601
4834
37602
4835
37603
4836
37604
4837
37605
4838
37606
4839
37607
4840
37608
4841
37609
4842
37610
4843
37611
37612
37613
54000
54001
54002
54003
54004
54005
54006
54007
54008
54009
54010
54011
70396
54012
70397
54013
70398
70399
70400
70401
70402
70403
70404
70405
70406
70407
4900
4901
4902
4903
4904
4905
4906
4907
4908
4909
4910
4911
4912
4913
21300
21301
21302
21303
21304
21305
21306
21307
21308
21309
21310
21311
21312
21313
37700
37701
37702
37703
37704
37705
37706
37707
37708
37709
37710
37711
37712
37713
54100
54101
54102
54103
54104
54105
54106
54107
54108
54109
70494
54110
70495
54111
70496
54112
70497
54113
70498
70499
70500
70501
70502
70503
70504
4970
4971
4972
4973
4974
4975
4976
4977
4978
4979
4980
4981
4982
4983
21400
21401
21402
21403
21404
21405
21406
21407
21408
21409
21410
21411
21412
21413
37800
37801
37802
37803
37804
37805
37806
37807
37808
5041
37809
5042
37810
5043
37811
5044
37812
5045
37813
5046
5047
54200
5048
54201
5049
54202
5050
54203
5051
54204
5052
54205
5053
54206
5054
70591
54207
70592
54208
70593
54209
70594
54210
70595
54211
70596
54212
70597
54213
70598
70599
70600
70601
5112
5113
5114
5115
5116
21500
5117
21501
5118
21502
5119
21503
5120
21504
5121
21505
5122
21506
5123
21507
5124
21508
5125
21509
21510
21511
21512
21513
37900
37901
37902
37903
37904
37905
37906
37907
37908
37909
37910
37911
37912
37913
54300
54301
54302
54303
70688
54304
70689
54305
70690
54306
70691
54307
70692
54308
70693
54309
70694
54310
70695
54311
70696
54312
70697
54313
5184
5185
5186
5187
5188
5189
5190
5191
5192
5193
5194
5195
5196
5197
21600
21601
21602
21603
21604
21605
21606
21607
21608
21609
21610
21611
21612
21613
38000
38001
38002
38003
38004
38005
38006
38007
38008
38009
38010
38011
38012
38013
70784
54400
70785
54401
70786
54402
70787
54403
70788
54404
70789
54405
70790
54406
70791
54407
70792
54408
5256
70793
54409
5257
54410
5258
54411
5259
54412
5260
54413
5261
5262
5263
5264
5265
5266
5267
5268
5269
21700
21701
21702
21703
21704
21705
21706
21707
21708
21709
21710
21711
21712
5329
21713
5330
5331
5332
38100
5333
38101
5334
38102
5335
38103
5336
38104
5337
38105
5338
38106
5339
38107
5340
38108
5341
38109
5342
38110
38111
70880
38112
70881
38113
70882
70883
70884
54500
70885
54501
70886
54502
70887
54503
70888
54504
54505
54506
54507
54508
54509
54510
54511
54512
54513
5402
5403
5404
5405
5406
5407
5408
5409
5410
5411
5412
5413
5414
5415
21800
21801
21802
21803
21804
21805
21806
21807
21808
21809
21810
21811
21812
21813
38200
38201
38202
38203
38204
38205
38206
70975
38207
70976
38208
70977
38209
70978
38210
70979
38211
70980
38212
70981
38213
70982
70983
54600
54601
54602
54603
54604
54605
54606
54607
54608
54609
54610
54611
54612
54613
5476
5477
5478
5479
5480
5481
5482
5483
5484
5485
5486
5487
5488
5489
21900
21901
21902
21903
21904
21905
21906
21907
21908
21909
21910
21911
21912
21913
38300
38301
71070
38302
71071
38303
71072
38304
71073
38305
71074
38306
71075
38307
71076
38308
71077
38309
38310
38311
38312
38313
54700
54701
54702
5550
54703
5551
54704
5552
54705
5553
54706
5554
54707
5555
54708
5556
54709
5557
54710
5558
54711
5559
54712
5560
54713
5561
5562
5563
22000
22001
22002
22003
22004
22005
22006
22007
22008
5625
22009
5626
22010
5627
22011
71164
5628
22012
71165
5629
22013
71166
5630
71167
5631
71168
38400
5632
71169
38401
5633
71170
38402
5634
71171
38403
5635
38404
5636
38405
5637
38406
5638
38407
38408
38409
38410
38411
38412
38413
54800
54801
54802
54803
54804
54805
54806
54807
54808
54809
54810
54811
54812
54813
5700
5701
5702
5703
5704
5705
5706
5707
5708
5709
5710
5711
5712
5713
22100
22101
22102
22103
22104
22105
71258
22106
71259
22107
71260
22108
71261
22109
71262
22110
71263
22111
71264
22112
22113
38500
38501
38502
38503
38504
38505
38506
38507
38508
38509
38510
38511
38512
38513
54900
54901
54902
54903
54904
54905
54906
54907
54908
54909
54910
54911
54912
54913
5776
5777
5778
5779
5780
5781
5782
5783
5784
5785
5786
5787
5788
5789
71351
71352
22200
71353
22201
71354
22202
71355
22203
71356
22204
71357
22205
22206
22207
22208
22209
22210
22211
22212
22213
38600
38601
38602
38603
38604
38605
38606
38607
38608
38609
38610
38611
38612
38613
55000
55001
55002
55003
55004
5852
55005
5853
55006
5854
55007
5855
55008
5856
55009
5857
55010
5858
55011
5859
55012
5860
55013
5861
5862
5863
5864
5865
71444
71445
71446
71447
71448
71449
22300
22301
22302
22303
22304
22305
22306
22307
22308
22309
22310
22311
22312
5929
22313
5930
5931
38700
5932
38701
5933
38702
5934
38703
5935
38704
5936
38705
5937
38706
5938
38707
5939
38708
5940
38709
5941
38710
5942
38711
38712
38713
55100
55101
55102
55103
55104
55105
55106
55107
55108
55109
55110
55111
55112
55113
71536
71537
71538
71539
71540
71541
6006
6007
6008
6009
6010
6011
6012
6013
6014
6015
6016
22400
6017
22401
6018
22402
6019
22403
22404
22405
22406
22407
22408
22409
22410
22411
22412
22413
38800
38801
38802
38803
38804
38805
38806
38807
38808
38809
38810
38811
38812
38813
55200
55201
55202
55203
55204
55205
55206
55207
55208
55209
55210
55211
55212
55213
6084
6085
6086
6087
6088
6089
6090
6091
71628
6092
71629
6093
71630
6094
71631
6095
71632
6096
6097
22500
22501
22502
22503
22504
22505
22506
22507
22508
22509
22510
22511
22512
22513
38900
38901
38902
38903
38904
38905
38906
38907
38908
38909
38910
38911
38912
38913
55300
55301
55302
55303
55304
55305
55306
55307
55308
55309
55310
55311
55312
55313
6162
6163
6164
6165
6166
6167
6168
6169
6170
6171
6172
6173
6174
6175
71719
71720
71721
71722
71723
22600
22601
22602
22603
22604
22605
22606
22607
22608
22609
22610
22611
22612
22613
39000
39001
39002
39003
39004
39005
39006
39007
39008
39009
6241
39010
6242
39011
6243
39012
6244
39013
6245
6246
6247
55400
6248
55401
6249
55402
6250
55403
6251
55404
6252
55405
6253
55406
6254
55407
55408
55409
55410
55411
55412
55413
71810
71811
71812
71813
22700
22701
22702
22703
6320
22704
6321
22705
6322
22706
6323
22707
6324
22708
6325
22709
6326
22710
6327
22711
6328
22712
6329
22713
6330
6331
39100
6332
39101
6333
39102
39103
39104
39105
39106
39107
39108
39109
39110
39111
39112
39113
55500
55501
55502
55503
55504
55505
55506
55507
55508
55509
55510
55511
55512
55513
71900
71901
71902
71903
6400
6401
6402
6403
6404
6405
6406
6407
6408
6409
6410
6411
6412
6413
22800
22801
22802
22803
22804
22805
22806
22807
22808
22809
22810
22811
22812
22813
39200
39201
39202
39203
39204
39205
39206
39207
39208
39209
39210
39211
39212
39213
55600
55601
55602
55603
55604
55605
71990
55606
71991
55607
71992
55608
55609
55610
55611
55612
55613
6480
6481
6482
6483
6484
6485
6486
6487
6488
6489
6490
6491
6492
6493
22900
22901
22902
22903
22904
22905
22906
22907
22908
22909
22910
22911
22912
22913
39300
39301
39302
39303
39304
39305
39306
39307
39308
39309
39310
72079
39311
72080
39312
72081
39313
55700
55701
55702
55703
55704
55705
55706
55707
55708
55709
55710
55711
55712
55713
6561
6562
6563
6564
6565
6566
6567
6568
6569
6570
6571
6572
6573
6574
23000
23001
23002
23003
23004
23005
23006
23007
23008
23009
23010
23011
23012
23013
72168
39400
72169
39401
39402
39403
39404
39405
39406
39407
39408
39409
39410
6642
39411
6643
39412
6644
39413
6645
6646
6647
55800
6648
55801
6649
55802
6650
55803
6651
55804
6652
55805
6653
55806
6654
55807
6655
55808
55809
55810
55811
55812
55813
23100
23101
23102
23103
72256
23104
72257
23105
23106
23107
6724
23108
6725
23109
6726
23110
6727
23111
6728
23112
6729
23113
6730
6731
39500
6732
39501
6733
39502
6734
39503
6735
39504
6736
39505
6737
39506
39507
39508
39509
39510
39511
39512
39513
55900
55901
55902
55903
55904
55905
55906
55907
55908
55909
55910
55911
55912
55913
6806
6807
72344
6808
6809
6810
6811
6812
6813
6814
6815
6816
23200
6817
23201
6818
23202
6819
23203
23204
23205
23206
23207
23208
23209
23210
23211
23212
23213
39600
39601
39602
39603
39604
39605
39606
39607
39608
39609
39610
39611
39612
39613
56000
56001
56002
56003
56004
56005
56006
56007
56008
56009
56010
56011
56012
56013
6889
6890
6891
6892
6893
6894
72431
6895
6896
6897
6898
6899
6900
6901
6902
23300
23301
23302
23303
23304
23305
23306
23307
23308
23309
23310
23311
23312
23313
39700
39701
39702
39703
39704
39705
39706
39707
39708
39709
39710
39711
39712
39713
56100
56101
56102
56103
56104
56105
56106
56107
56108
56109
56110
56111
56112
56113
6972
6973
6974
6975
6976
6977
6978
6979
6980
6981
6982
6983
6984
6985
23400
23401
23402
23403
23404
23405
23406
23407
23408
23409
23410
23411
23412
23413
39800
39801
39802
39803
39804
39805
39806
39807
39808
39809
39810
39811
39812
39813
56200
56201
56202
56203
56204
56205
56206
56207
56208
7056
56209
7057
56210
7058
56211
7059
56212
7060
56213
7061
7062
7063
7064
7065
7066
7067
7068
7069
23500
23501
23502
23503
23504
23505
23506
23507
23508
23509
23510
23511
23512
23513
39900
39901
39902
39903
39904
39905
39906
39907
39908
7140
39909
7141
39910
7142
39911
7143
39912
7144
39913
7145
7146
7147
56300
7148
56301
7149
56302
7150
56303
7151
56304
7152
56305
7153
56306
56307
56308
56309
56310
56311
56312
56313
23600
23601
23602
23603
23604
23605
23606
23607
23608
7225
23609
7226
23610
7227
23611
7228
23612
7229
23613
7230
7231
40000
7232
40001
7233
40002
7234
40003
7235
40004
7236
40005
7237
40006
7238
40007
40008
40009
40010
40011
40012
40013
56400
56401
56402
56403
56404
56405
56406
56407
56408
56409
56410
56411
56412
56413
7310
7311
7312
7313
7314
7315
7316
23700
7317
23701
7318
23702
7319
23703
7320
23704
7321
23705
7322
23706
7323
23707
23708
23709
23710
23711
23712
23713
40100
40101
40102
40103
40104
40105
40106
40107
40108
40109
40110
40111
40112
40113
56500
56501
56502
56503
56504
56505
56506
56507
56508
56509
56510
56511
56512
56513
7396
7397
7398
7399
7400
7401
7402
7403
7404
7405
7406
7407
7408
7409
23800
23801
23802
23803
23804
23805
23806
23807
23808
23809
23810
23811
23812
23813
40200
40201
40202
40203
40204
40205
40206
40207
40208
40209
40210
40211
40212
40213
56600
56601
56602
56603
56604
56605
56606
56607
56608
56609
56610
56611
56612
56613
7482
7483
7484
7485
7486
7487
7488
7489
7490
7491
7492
7493
7494
7495
23900
23901
23902
23903
23904
23905
23906
23907
23908
23909
23910
23911
23912
23913
40300
40301
40302
40303
40304
40305
40306
40307
40308
40309
40310
40311
40312
40313
56700
56701
56702
56703
56704
56705
56706
56707
56708
56709
56710
56711
56712
56713
7569
7570
7571
7572
7573
7574
7575
7576
7577
7578
7579
7580
7581
7582
24000
24001
24002
24003
24004
24005
24006
24007
24008
24009
24010
24011
24012
24013
40400
40401
40402
40403
40404
40405
40406
40407
40408
40409
40410
40411
40412
40413
56800
56801
56802
56803
56804
56805
56806
56807
56808
7656
56809
7657
56810
7658
56811
7659
56812
7660
56813
7661
7662
7663
7664
7665
7666
7667
7668
7669
24100
24101
24102
24103
24104
24105
24106
24107
24108
24109
24110
24111
24112
24113
40500
40501
40502
40503
40504
40505
40506
40507
40508
40509
40510
40511
40512
7744
40513
7745
7746
7747
56900
7748
56901
7749
56902
7750
56903
7751
56904
7752
56905
7753
56906
7754
56907
7755
56908
7756
56909
7757
56910
56911
56912
56913
24200
24201
24202
24203
24204
24205
24206
24207
24208
24209
24210
24211
24212
24213
40600
7832
40601
7833
40602
7834
40603
7835
40604
7836
40605
7837
40606
7838
40607
7839
40608
7840
40609
7841
40610
7842
40611
7843
40612
7844
40613
7845
57000
57001
57002
57003
57004
57005
57006
57007
57008
57009
57010
57011
57012
57013
24300
24301
24302
24303
24304
7921
24305
7922
24306
7923
24307
7924
24308
7925
24309
7926
24310
7927
24311
7928
24312
7929
24313
7930
7931
40700
7932
40701
7933
40702
7934
40703
40704
40705
40706
40707
40708
40709
40710
40711
40712
40713
57100
57101
57102
57103
57104
57105
57106
57107
57108
57109
57110
57111
57112
57113
8010
8011
8012
8013
8014
8015
8016
24400
8017
24401
8018
24402
8019
24403
8020
24404
8021
24405
8022
24406
8023
24407
24408
24409
24410
24411
24412
24413
40800
40801
40802
40803
40804
40805
40806
40807
40808
40809
40810
40811
40812
40813
57200
57201
57202
57203
57204
57205
57206
57207
57208
57209
57210
57211
57212
57213
8100
8101
8102
8103
8104
8105
8106
8107
8108
8109
8110
8111
8112
8113
24500
24501
24502
24503
24504
24505
24506
24507
24508
24509
24510
24511
24512
24513
40900
40901
40902
40903
40904
40905
40906
40907
40908
40909
40910
40911
40912
40913
57300
57301
57302
57303
57304
57305
57306
57307
57308
57309
57310
57311
57312
57313
8190
8191
8192
8193
8194
8195
8196
8197
8198
8199
8200
8201
8202
8203
24600
24601
24602
24603
24604
24605
24606
24607
24608
24609
24610
24611
24612
24613
41000
41001
41002
41003
41004
41005
41006
41007
41008
41009
41010
41011
41012
41013
57400
57401
57402
57403
57404
57405
57406
57407
57408
57409
57410
57411
57412
57413
8281
8282
8283
8284
8285
8286
8287
8288
8289
8290
8291
8292
8293
8294
24700
24701
24702
24703
24704
24705
24706
24707
24708
24709
24710
24711
24712
24713
41100
41101
41102
41103
41104
41105
41106
41107
41108
41109
41110
41111
41112
41113
57500
57501
57502
57503
57504
57505
57506
57507
57508
57509
57510
57511
57512
57513
8372
8373
8374
8375
8376
8377
8378
8379
8380
8381
8382
8383
8384
8385
24800
24801
24802
24803
24804
24805
24806
24807
24808
24809
24810
24811
24812
24813
41200
41201
41202
41203
41204
41205
41206
41207
41208
41209
41210
41211
41212
41213
57600
57601
57602
57603
57604
57605
57606
57607
57608
57609
57610
57611
57612
57613
8464
8465
8466
8467
8468
8469
8470
8471
8472
8473
8474
8475
8476
8477
24900
24901
24902
24903
24904
24905
24906
24907
24908
24909
24910
24911
24912
24913
41300
41301
41302
41303
41304
41305
41306
41307
41308
41309
41310
41311
41312
41313
57700
57701
57702
57703
57704
57705
57706
57707
57708
8556
57709
8557
57710
8558
57711
8559
57712
8560
57713
8561
8562
8563
8564
8565
8566
8567
8568
8569
25000
25001
25002
25003
25004
25005
25006
25007
25008
25009
25010
25011
25012
25013
41400
41401
41402
41403
41404
41405
41406
41407
41408
41409
41410
41411
41412
41413
57800
57801
8649
57802
8650
57803
8651
57804
8652
57805
8653
57806
8654
57807
8655
57808
8656
57809
8657
57810
8658
57811
8659
57812
8660
57813
8661
8662
25100
25101
25102
25103
25104
25105
25106
25107
25108
25109
25110
25111
25112
25113
41500
41501
41502
41503
41504
41505
41506
41507
41508
41509
41510
8742
41511
8743
41512
8744
41513
8745
8746
8747
57900
8748
57901
8749
57902
8750
57903
8751
57904
8752
57905
8753
57906
8754
57907
8755
57908
57909
57910
57911
57912
57913
25200
25201
25202
25203
25204
25205
25206
25207
25208
25209
25210
25211
25212
25213
41600
41601
41602
41603
41604
8836
41605
8837
41606
8838
41607
8839
41608
8840
41609
8841
41610
8842
41611
8843
41612
8844
41613
8845
8846
8847
58000
8848
58001
8849
58002
58003
58004
58005
58006
58007
58008
58009
58010
58011
58012
58013
25300
25301
25302
25303
25304
25305
25306
25307
25308
25309
25310
25311
25312
25313
8930
8931
41700
8932
41701
8933
41702
8934
41703
8935
41704
8936
41705
8937
41706
8938
41707
8939
41708
8940
41709
8941
41710
8942
41711
8943
41712
41713
58100
58101
58102
58103
58104
58105
58106
58107
58108
58109
58110
58111
58112
58113
25400
25401
25402
25403
25404
25405
25406
25407
25408
9025
25409
9026
25410
9027
25411
9028
25412
9029
25413
9030
9031
41800
9032
41801
9033
41802
9034
41803
9035
41804
9036
41805
9037
41806
9038
41807
41808
41809
41810
41811
41812
41813
58200
58201
58202
58203
58204
58205
58206
58207
58208
58209
58210
58211
58212
58213
25500
25501
25502
25503
9120
25504
9121
25505
9122
25506
9123
25507
9124
25508
9125
25509
9126
25510
9127
25511
9128
25512
9129
25513
9130
9131
41900
9132
41901
9133
41902
41903
41904
41905
41906
41907
41908
41909
41910
41911
41912
41913
58300
58301
58302
58303
58304
58305
58306
58307
58308
58309
58310
58311
58312
58313
9216
25600
9217
25601
9218
25602
9219
25603
9220
25604
9221
25605
9222
25606
9223
25607
9224
25608
9225
25609
9226
25610
9227
25611
9228
25612
9229
25613
42000
42001
42002
42003
42004
42005
42006
42007
42008
42009
42010
42011
42012
42013
58400
58401
58402
58403
58404
58405
58406
58407
58408
58409
58410
58411
58412
58413
9312
9313
9314
9315
9316
25700
9317
25701
9318
25702
9319
25703
9320
25704
9321
25705
9322
25706
9323
25707
9324
25708
9325
25709
25710
25711
25712
25713
42100
42101
42102
42103
42104
42105
42106
42107
42108
42109
42110
42111
42112
42113
58500
58501
58502
58503
58504
58505
58506
58507
58508
58509
58510
58511
58512
58513
9409
9410
9411
9412
9413
9414
9415
9416
25800
9417
25801
9418
25802
9419
25803
9420
25804
9421
25805
9422
25806
25807
25808
25809
25810
25811
25812
25813
42200
42201
42202
42203
42204
42205
42206
42207
42208
42209
42210
42211
42212
42213
58600
58601
58602
58603
58604
58605
58606
58607
58608
58609
58610
58611
58612
58613
9506
9507
9508
9509
9510
9511
9512
9513
9514
9515
9516
25900
9517
25901
9518
25902
9519
25903
25904
25905
25906
25907
25908
25909
25910
25911
25912
25913
42300
42301
42302
42303
42304
42305
42306
42307
42308
42309
42310
42311
42312
42313
58700
58701
58702
58703
58704
58705
58706
58707
58708
58709
58710
58711
58712
58713
9604
9605
9606
9607
9608
9609
9610
9611
9612
9613
9614
9615
9616
26000
9617
26001
26002
26003
26004
26005
26006
26007
26008
26009
26010
26011
26012
26013
42400
42401
42402
42403
42404
42405
42406
42407
42408
42409
42410
42411
42412
42413
58800
58801
58802
58803
58804
58805
58806
58807
58808
58809
58810
58811
58812
58813
9702
9703
9704
9705
9706
9707
9708
9709
9710
9711
9712
9713
9714
9715
26100
26101
26102
26103
26104
26105
26106
26107
26108
26109
26110
26111
26112
26113
42500
42501
42502
42503
42504
42505
42506
42507
42508
42509
42510
42511
42512
42513
58900
58901
58902
58903
58904
58905
58906
58907
58908
58909
58910
58911
58912
58913
9801
9802
9803
9804
9805
9806
9807
9808
9809
9810
9811
9812
9813
9814
26200
26201
26202
26203
26204
26205
26206
26207
26208
26209
26210
26211
26212
26213
42600
42601
42602
42603
42604
42605
42606
42607
42608
42609
42610
42611
42612
42613
59000
59001
59002
59003
59004
59005
59006
59007
59008
59009
59010
59011
59012
59013
9900
9901
9902
9903
9904
9905
9906
9907
9908
9909
9910
9911
9912
9913
26300
26301
26302
26303
26304
26305
26306
26307
26308
26309
26310
26311
26312
26313
42700
42701
42702
42703
42704
42705
42706
42707
42708
42709
42710
42711
42712
42713
59100
59101
59102
59103
59104
59105
59106
59107
59108
59109
59110
59111
59112
59113
10000
10001
10002
10003
10004
10005
10006
10007
10008
10009
10010
10011
10012
10013
26400
26401
26402
26403
26404
26405
26406
26407
26408
26409
26410
26411
26412
26413
42800
42801
42802
42803
42804
42805
42806
42807
42808
42809
42810
42811
42812
42813
59200
59201
59202
59203
59204
59205
59206
59207
59208
59209
59210
59211
59212
59213
10100
10101
10102
10103
10104
10105
10106
10107
10108
10109
10110
10111
10112
10113
26500
26501
26502
26503
26504
26505
26506
26507
26508
26509
26510
26511
26512
26513
42900
42901
42902
42903
42904
42905
42906
42907
42908
42909
42910
42911
42912
42913
59300
59301
59302
59303
59304
59305
59306
59307
59308
59309
59310
59311
59312
59313
10200
10201
10202
10203
10204
10205
10206
10207
10208
10209
10210
10211
10212
10213
26600
26601
26602
26603
26604
26605
26606
26607
26608
26609
26610
26611
26612
26613
43000
43001
43002
43003
43004
43005
43006
43007
43008
43009
43010
43011
43012
43013
59400
59401
59402
59403
59404
59405
59406
59407
59408
59409
59410
59411
59412
59413
10300
10301
10302
10303
10304
10305
10306
10307
10308
10309
10310
10311
10312
10313
26700
26701
26702
26703
26704
26705
26706
26707
26708
26709
26710
26711
26712
26713
43100
43101
43102
43103
43104
43105
43106
43107
43108
43109
43110
43111
43112
43113
59500
59501
59502
59503
59504
59505
59506
59507
59508
59509
59510
59511
59512
59513
10400
10401
10402
10403
10404
10405
10406
10407
10408
10409
10410
10411
10412
10413
26800
26801
26802
26803
26804
26805
26806
26807
26808
26809
26810
26811
26812
26813
43200
43201
43202
43203
43204
43205
43206
43207
43208
43209
43210
43211
43212
43213
59600
59601
59602
59603
59604
59605
59606
59607
59608
59609
59610
59611
59612
59613
10500
10501
10502
10503
10504
10505
10506
10507
10508
10509
10510
10511
10512
10513
26900
26901
26902
26903
26904
26905
26906
26907
26908
26909
26910
26911
26912
26913
43300
43301
43302
43303
43304
43305
43306
43307
43308
43309
43310
43311
43312
43313
59700
59701
59702
59703
59704
59705
59706
59707
59708
59709
59710
59711
59712
59713
10600
10601
10602
10603
10604
10605
10606
10607
10608
10609
10610
10611
10612
10613
27000
27001
27002
27003
27004
27005
27006
27007
27008
27009
27010
27011
27012
27013
43400
43401
43402
43403
43404
43405
43406
43407
43408
43409
43410
43411
43412
43413
59800
59801
59802
59803
59804
59805
59806
59807
59808
59809
59810
59811
59812
59813
10700
10701
10702
10703
10704
10705
10706
10707
10708
10709
10710
10711
10712
10713
27100
27101
27102
27103
27104
27105
27106
27107
27108
27109
27110
27111
27112
27113
43500
43501
43502
43503
43504
43505
43506
43507
43508
43509
43510
43511
43512
43513
59900
59901
59902
59903
59904
59905
59906
59907
59908
59909
59910
59911
59912
59913
10800
10801
10802
10803
10804
10805
10806
10807
10808
10809
10810
10811
10812
10813
27200
27201
27202
27203
27204
27205
27206
27207
27208
27209
27210
27211
27212
27213
43600
43601
43602
43603
43604
43605
43606
43607
43608
43609
43610
43611
43612
43613
60000
60001
60002
60003
60004
60005
60006
60007
60008
60009
60010
60011
60012
60013
10900
10901
10902
10903
10904
10905
10906
10907
10908
10909
10910
10911
10912
10913
27300
27301
27302
27303
27304
27305
27306
27307
27308
27309
27310
27311
27312
27313
43700
43701
43702
43703
43704
43705
43706
43707
43708
43709
43710
43711
43712
43713
60100
60101
60102
60103
60104
60105
60106
60107
60108
60109
60110
60111
60112
60113
11000
11001
11002
11003
11004
11005
11006
11007
11008
11009
11010
11011
11012
11013
27400
27401
27402
27403
27404
27405
27406
27407
27408
27409
27410
27411
27412
27413
43800
43801
43802
43803
43804
43805
43806
43807
43808
43809
43810
43811
43812
43813
60200
60201
60202
60203
60204
60205
60206
60207
60208
60209
60210
60211
60212
60213
11100
11101
11102
11103
11104
11105
11106
11107
11108
11109
11110
11111
11112
11113
27500
27501
27502
27503
27504
27505
27506
27507
27508
27509
27510
27511
27512
27513
43900
43901
43902
43903
43904
43905
43906
43907
43908
43909
43910
43911
43912
43913
60300
60301
60302
60303
60304
60305
60306
60307
60308
60309
60310
60311
60312
60313
11200
11201
11202
11203
11204
11205
11206
11207
11208
11209
11210
11211
11212
11213
27600
27601
27602
27603
27604
27605
27606
27607
27608
27609
27610
27611
27612
27613
44000
44001
44002
44003
44004
44005
44006
44007
44008
44009
44010
44011
44012
44013
60400
60401
60402
60403
60404
60405
60406
60407
60408
60409
60410
60411
60412
60413
11300
11301
11302
11303
11304
11305
11306
11307
11308
11309
11310
11311
11312
11313
27700
27701
27702
27703
27704
27705
27706
27707
27708
27709
27710
27711
27712
27713
44100
44101
44102
44103
44104
44105
44106
44107
44108
44109
44110
44111
44112
44113
60500
60501
60502
60503
60504
60505
60506
60507
60508
60509
60510
60511
60512
60513
11400
11401
11402
11403
11404
11405
11406
11407
11408
11409
11410
11411
11412
11413
27800
27801
27802
27803
27804
27805
27806
27807
27808
27809
27810
27811
27812
27813
44200
44201
44202
44203
44204
44205
44206
44207
44208
44209
44210
44211
44212
44213
60600
60601
60602
60603
60604
60605
60606
60607
60608
60609
60610
60611
60612
60613
11500
11501
11502
11503
11504
11505
11506
11507
11508
11509
11510
11511
11512
11513
27900
27901
27902
27903
27904
27905
27906
27907
27908
27909
27910
27911
27912
27913
44300
44301
44302
44303
44304
44305
44306
44307
44308
44309
44310
44311
44312
44313
60700
60701
60702
60703
60704
60705
60706
60707
60708
60709
60710
60711
60712
60713
11600
11601
11602
11603
11604
11605
11606
11607
11608
11609
11610
11611
11612
11613
28000
28001
28002
28003
28004
28005
28006
28007
28008
28009
28010
28011
28012
28013
44400
44401
44402
44403
44404
44405
44406
44407
44408
44409
44410
44411
44412
44413
60800
60801
60802
60803
60804
60805
60806
60807
60808
60809
60810
60811
60812
60813
11700
11701
11702
11703
11704
11705
11706
11707
11708
11709
11710
11711
11712
11713
28100
28101
28102
28103
28104
28105
28106
28107
28108
28109
28110
28111
28112
28113
44500
44501
44502
44503
44504
44505
44506
44507
44508
44509
44510
44511
44512
44513
60900
60901
60902
60903
60904
60905
60906
60907
60908
60909
60910
60911
60912
60913
11800
11801
11802
11803
11804
11805
11806
11807
11808
11809
11810
11811
11812
11813
28200
28201
28202
28203
28204
28205
28206
28207
28208
28209
28210
28211
28212
28213
44600
44601
44602
44603
44604
44605
44606
44607
44608
44609
44610
44611
44612
44613
61000
61001
61002
61003
61004
61005
61006
61007
61008
61009
61010
61011
61012
61013
11900
11901
11902
11903
11904
11905
11906
11907
11908
11909
11910
11911
11912
11913
28300
28301
28302
28303
28304
28305
28306
28307
28308
28309
28310
28311
28312
28313
44700
44701
44702
44703
44704
44705
44706
44707
44708
44709
44710
44711
44712
44713
61100
61101
61102
61103
61104
61105
61106
61107
61108
61109
61110
61111
61112
61113
12000
12001
12002
12003
12004
12005
12006
12007
12008
12009
12010
12011
12012
12013
28400
28401
28402
28403
28404
28405
28406
28407
28408
28409
28410
28411
28412
28413
44800
44801
44802
44803
44804
44805
44806
44807
44808
44809
44810
44811
44812
44813
61200
61201
61202
61203
61204
61205
61206
61207
61208
61209
61210
61211
61212
61213
12100
12101
12102
12103
12104
12105
12106
12107
12108
12109
12110
12111
12112
12113
28500
28501
28502
28503
28504
28505
28506
28507
28508
28509
28510
28511
28512
28513
44900
44901
44902
44903
44904
44905
44906
44907
44908
44909
44910
44911
44912
44913
61300
61301
61302
61303
61304
61305
61306
61307
61308
61309
61310
61311
61312
61313
12200
12201
12202
12203
12204
12205
12206
12207
12208
12209
12210
12211
12212
12213
28600
28601
28602
28603
28604
28605
28606
28607
28608
28609
28610
28611
28612
28613
45000
45001
45002
45003
45004
45005
45006
45007
45008
45009
45010
45011
45012
45013
61400
61401
61402
61403
61404
61405
61406
61407
61408
61409
61410
61411
61412
61413
12300
12301
12302
12303
12304
12305
12306
12307
12308
12309
12310
12311
12312
12313
28700
28701
28702
28703
28704
28705
28706
28707
28708
28709
28710
28711
28712
28713
45100
45101
45102
45103
45104
45105
45106
45107
45108
45109
45110
45111
45112
45113
61500
61501
61502
61503
61504
61505
61506
61507
61508
61509
61510
61511
61512
61513
12400
12401
12402
12403
12404
12405
12406
12407
12408
12409
12410
12411
12412
12413
28800
28801
28802
28803
28804
28805
28806
28807
28808
28809
28810
28811
28812
28813
45200
45201
45202
45203
45204
45205
45206
45207
45208
45209
45210
45211
45212
45213
61600
61601
61602
61603
61604
61605
61606
61607
61608
61609
61610
61611
61612
61613
12500
12501
12502
12503
12504
12505
12506
12507
12508
12509
12510
12511
12512
12513
28900
28901
28902
28903
28904
28905
28906
28907
28908
28909
28910
28911
28912
28913
45300
45301
45302
45303
45304
45305
45306
45307
45308
45309
45310
45311
45312
45313
61700
61701
61702
61703
61704
61705
61706
61707
61708
61709
61710
61711
61712
61713
12600
12601
12602
12603
12604
12605
12606
12607
12608
12609
12610
12611
12612
12613
29000
29001
29002
29003
29004
29005
29006
29007
29008
29009
29010
29011
29012
29013
45400
45401
45402
45403
45404
45405
45406
45407
45408
45409
45410
45411
45412
45413
61800
61801
61802
61803
61804
61805
61806
61807
61808
61809
61810
61811
61812
61813
12700
12701
12702
12703
12704
12705
12706
12707
12708
12709
12710
12711
12712
12713
29100
29101
29102
29103
29104
29105
29106
29107
29108
29109
29110
29111
29112
29113
45500
45501
45502
45503
45504
45505
45506
45507
45508
45509
45510
45511
45512
45513
61900
61901
61902
61903
61904
61905
61906
61907
61908
61909
61910
61911
61912
61913
12800
12801
12802
12803
12804
12805
12806
12807
12808
12809
12810
12811
12812
12813
29200
29201
29202
29203
29204
29205
29206
29207
29208
29209
29210
29211
29212
29213
45600
45601
45602
45603
45604
45605
45606
45607
45608
45609
45610
45611
45612
45613
62000
62001
62002
62003
62004
62005
62006
62007
62008
62009
62010
62011
62012
62013
12900
12901
12902
12903
12904
12905
12906
12907
12908
12909
12910
12911
12912
12913
29300
29301
29302
29303
29304
29305
29306
29307
29308
29309
29310
29311
29312
29313
45700
45701
45702
45703
45704
45705
45706
45707
45708
45709
45710
45711
45712
45713
62100
62101
62102
62103
62104
62105
62106
62107
62108
62109
62110
62111
62112
62113
13000
13001
13002
13003
13004
13005
13006
13007
13008
13009
13010
13011
13012
13013
29400
29401
29402
29403
29404
29405
29406
29407
29408
29409
29410
29411
29412
29413
45800
45801
45802
45803
45804
45805
45806
45807
45808
45809
45810
45811
45812
45813
62200
62201
62202
62203
62204
62205
62206
62207
62208
62209
62210
62211
62212
62213
13100
13101
13102
13103
13104
13105
13106
13107
13108
13109
13110
13111
13112
13113
29500
29501
29502
29503
29504
29505
29506
29507
29508
29509
29510
29511
29512
29513
45900
45901
45902
45903
45904
45905
45906
45907
45908
45909
45910
45911
45912
45913
62300
62301
62302
62303
62304
62305
62306
62307
62308
62309
62310
62311
62312
62313
13200
13201
13202
13203
13204
13205
13206
13207
13208
13209
13210
13211
13212
13213
29600
29601
29602
29603
29604
29605
29606
29607
29608
29609
29610
29611
29612
29613
46000
46001
46002
46003
46004
46005
46006
46007
46008
46009
46010
46011
46012
46013
62400
62401
62402
62403
62404
62405
62406
62407
62408
62409
62410
62411
62412
62413
13300
13301
13302
13303
13304
13305
13306
13307
13308
13309
13310
13311
13312
13313
29700
29701
29702
29703
29704
29705
29706
29707
29708
29709
29710
29711
29712
29713
46100
46101
46102
46103
46104
46105
46106
46107
46108
46109
46110
46111
46112
46113
62500
62501
62502
62503
62504
62505
62506
62507
62508
62509
62510
62511
62512
62513
13400
13401
13402
13403
13404
13405
13406
13407
13408
13409
13410
13411
13412
13413
29800
29801
29802
29803
29804
29805
29806
29807
29808
29809
29810
29811
29812
29813
46200
46201
46202
46203
46204
46205
46206
46207
46208
46209
46210
46211
46212
46213
62600
62601
62602
62603
62604
62605
62606
62607
62608
62609
62610
62611
62612
62613
13500
13501
13502
13503
13504
13505
13506
13507
13508
13509
13510
13511
13512
13513
29900
29901
29902
29903
29904
29905
29906
29907
29908
29909
29910
29911
29912
29913
46300
46301
46302
46303
46304
46305
46306
46307
46308
46309
46310
46311
46312
46313
62700
62701
62702
62703
62704
62705
62706
62707
62708
62709
62710
62711
62712
62713
13600
13601
13602
13603
13604
13605
13606
13607
13608
13609
13610
13611
13612
13613
30000
30001
30002
30003
30004
30005
30006
30007
30008
30009
30010
30011
30012
30013
46400
46401
46402
46403
46404
46405
46406
46407
46408
46409
46410
46411
46412
46413
62800
62801
62802
62803
62804
62805
62806
62807
62808
62809
62810
62811
62812
62813
13700
13701
13702
13703
13704
13705
13706
13707
13708
13709
13710
13711
13712
13713
30100
30101
30102
30103
30104
30105
30106
30107
30108
30109
30110
30111
30112
30113
46500
46501
46502
46503
46504
46505
46506
46507
46508
46509
46510
46511
46512
46513
62900
62901
62902
62903
62904
62905
62906
62907
62908
62909
62910
62911
62912
62913
13800
13801
13802
13803
13804
13805
13806
13807
13808
13809
13810
13811
13812
13813
30200
30201
30202
30203
30204
30205
30206
30207
30208
30209
30210
30211
30212
30213
46600
46601
46602
46603
46604
46605
46606
46607
46608
46609
46610
46611
46612
46613
63000
63001
63002
63003
63004
63005
63006
63007
63008
63009
63010
63011
63012
63013
13900
13901
13902
13903
13904
13905
13906
13907
13908
13909
13910
13911
13912
13913
30300
30301
30302
30303
30304
30305
30306
30307
30308
30309
30310
30311
30312
30313
46700
46701
46702
46703
46704
46705
46706
46707
46708
46709
46710
46711
46712
46713
63100
63101
63102
63103
63104
63105
63106
63107
63108
63109
63110
63111
63112
63113
14000
14001
14002
14003
14004
14005
14006
14007
14008
14009
14010
14011
14012
14013
30400
30401
30402
30403
30404
30405
30406
30407
30408
30409
30410
30411
30412
30413
46800
46801
46802
46803
46804
46805
46806
46807
46808
46809
46810
46811
46812
46813
63200
63201
63202
63203
63204
63205
63206
63207
63208
63209
63210
63211
63212
63213
14100
14101
14102
14103
14104
14105
14106
14107
14108
14109
14110
14111
14112
14113
30500
30501
30502
30503
30504
30505
30506
30507
30508
30509
30510
30511
30512
30513
46900
46901
46902
46903
46904
46905
46906
46907
46908
46909
46910
46911
46912
46913
63300
63301
63302
63303
63304
63305
63306
63307
63308
63309
63310
63311
63312
63313
14200
14201
14202
14203
14204
14205
14206
14207
14208
14209
14210
14211
14212
14213
30600
30601
30602
30603
30604
30605
30606
30607
30608
30609
30610
30611
30612
30613
47000
47001
47002
47003
47004
47005
47006
47007
47008
47009
47010
47011
47012
47013
63400
63401
63402
63403
63404
63405
63406
63407
63408
63409
63410
63411
63412
63413
14300
14301
14302
14303
14304
14305
14306
14307
14308
14309
14310
14311
14312
14313
30700
30701
30702
30703
30704
30705
30706
30707
30708
30709
30710
30711
30712
30713
47100
47101
47102
47103
47104
47105
47106
47107
47108
47109
47110
47111
47112
47113
63500
63501
63502
63503
63504
63505
63506
63507
63508
63509
63510
63511
63512
63513
14400
14401
14402
14403
14404
14405
14406
14407
14408
14409
14410
14411
14412
14413
30800
30801
30802
30803
30804
30805
30806
30807
30808
30809
30810
30811
30812
30813
47200
47201
47202
47203
47204
47205
47206
47207
47208
47209
47210
47211
47212
47213
63600
63601
63602
63603
63604
63605
63606
63607
63608
63609
63610
63611
63612
63613
14500
14501
14502
14503
14504
14505
14506
14507
14508
14509
14510
14511
14512
14513
30900
30901
30902
30903
30904
30905
30906
30907
30908
30909
30910
30911
30912
30913
47300
47301
47302
47303
47304
47305
47306
47307
47308
47309
47310
47311
47312
47313
63700
63701
63702
63703
63704
63705
63706
63707
63708
63709
63710
63711
63712
63713
14600
14601
14602
14603
14604
14605
14606
14607
14608
14609
14610
14611
14612
14613
31000
31001
31002
31003
31004
31005
31006
31007
31008
31009
31010
31011
31012
31013
47400
47401
47402
47403
47404
47405
47406
47407
47408
47409
47410
47411
47412
47413
63800
63801
63802
63803
63804
63805
63806
63807
63808
63809
63810
63811
63812
63813
14700
14701
14702
14703
14704
14705
14706
14707
14708
14709
14710
14711
14712
14713
31100
31101
31102
31103
31104
31105
31106
31107
31108
31109
31110
31111
31112
31113
47500
47501
47502
47503
47504
47505
47506
47507
47508
47509
47510
47511
47512
47513
63900
63901
63902
63903
63904
63905
63906
63907
63908
63909
63910
63911
63912
63913
14800
14801
14802
14803
14804
14805
14806
14807
14808
14809
14810
14811
14812
14813
31200
31201
31202
31203
31204
31205
31206
31207
31208
31209
31210
31211
31212
31213
47600
47601
47602
47603
47604
47605
47606
47607
47608
47609
47610
47611
47612
47613
64000
64001
64002
64003
64004
64005
64006
64007
64008
64009
64010
64011
64012
64013
14900
14901
14902
14903
14904
14905
14906
14907
14908
14909
14910
14911
14912
14913
31300
31301
31302
31303
31304
31305
31306
31307
31308
31309
31310
31311
31312
31313
47700
47701
47702
47703
47704
47705
47706
47707
47708
47709
47710
47711
47712
47713
64100
64101
64102
64103
64104
64105
64106
64107
64108
64109
64110
64111
64112
64113
15000
15001
15002
15003
15004
15005
15006
15007
15008
15009
15010
15011
15012
15013
31400
31401
31402
31403
31404
31405
31406
31407
31408
31409
31410
31411
31412
31413
47800
47801
47802
47803
47804
47805
47806
47807
47808
47809
47810
47811
47812
47813
64200
64201
64202
64203
64204
64205
64206
64207
64208
64209
64210
64211
64212
64213
15100
15101
15102
15103
15104
15105
15106
15107
15108
15109
15110
15111
15112
15113
31500
31501
31502
31503
31504
31505
31506
31507
31508
31509
31510
31511
31512
31513
47900
47901
47902
47903
47904
47905
47906
47907
47908
47909
47910
47911
47912
47913
64300
64301
64302
64303
64304
64305
64306
64307
64308
64309
64310
64311
64312
64313
15200
15201
15202
15203
15204
15205
15206
15207
15208
15209
15210
15211
15212
15213
31600
31601
31602
31603
31604
31605
31606
31607
31608
31609
31610
31611
31612
31613
48000
48001
48002
48003
48004
48005
48006
48007
48008
48009
48010
48011
48012
48013
64400
64401
64402
64403
64404
64405
64406
64407
64408
64409
64410
64411
64412
64413
15300
15301
15302
15303
15304
15305
15306
15307
15308
15309
15310
15311
15312
15313
31700
31701
31702
31703
31704
31705
31706
31707
31708
31709
31710
31711
31712
31713
48100
48101
48102
48103
48104
48105
48106
48107
48108
48109
48110
48111
48112
48113
64500
64501
64502
64503
64504
64505
64506
64507
64508
64509
64510
64511
64512
64513
15400
15401
15402
15403
15404
15405
15406
15407
15408
15409
15410
15411
15412
15413
31800
31801
31802
31803
31804
31805
31806
31807
31808
31809
31810
31811
31812
31813
48200
48201
48202
48203
48204
48205
48206
48207
48208
48209
48210
48211
48212
48213
64600
64601
64602
64603
64604
64605
64606
64607
64608
64609
64610
64611
64612
64613
15500
15501
15502
15503
15504
15505
15506
15507
15508
15509
15510
15511
15512
15513
31900
31901
31902
31903
31904
31905
31906
31907
31908
31909
31910
31911
31912
31913
48300
48301
48302
48303
48304
48305
48306
48307
48308
48309
48310
48311
48312
48313
64700
64701
64702
64703
64704
64705
64706
64707
64708
64709
64710
64711
64712
64713
15600
15601
15602
15603
15604
15605
15606
15607
15608
15609
15610
15611
15612
15613
32000
32001
32002
32003
32004
32005
32006
32007
32008
32009
32010
32011
32012
32013
48400
48401
48402
48403
48404
48405
48406
48407
48408
48409
48410
48411
48412
48413
64800
64801
64802
64803
64804
64805
64806
64807
64808
64809
64810
64811
64812
64813
15700
15701
15702
15703
15704
15705
15706
15707
15708
15709
15710
15711
15712
15713
32100
32101
32102
32103
32104
32105
32106
32107
32108
32109
32110
32111
32112
32113
48500
48501
48502
48503
48504
48505
48506
48507
48508
48509
48510
48511
48512
48513
64900
64901
64902
64903
64904
64905
64906
64907
64908
64909
64910
64911
64912
64913
15800
15801
15802
15803
15804
15805
15806
15807
15808
15809
15810
15811
15812
15813
32200
32201
32202
32203
32204
32205
32206
32207
32208
32209
32210
32211
32212
32213
48600
48601
48602
48603
48604
48605
48606
48607
48608
48609
48610
48611
48612
48613
65000
65001
65002
65003
65004
65005
65006
65007
65008
65009
65010
65011
65012
65013
15900
15901
15902
15903
15904
15905
15906
15907
15908
15909
15910
15911
15912
15913
32300
32301
32302
32303
32304
32305
32306
32307
32308
32309
32310
32311
32312
32313
48700
48701
48702
48703
48704
48705
48706
48707
48708
48709
48710
48711
48712
48713
65100
65101
65102
65103
65104
65105
65106
65107
65108
65109
65110
65111
65112
65113
16000
16001
16002
16003
16004
16005
16006
16007
16008
16009
16010
16011
16012
16013
32400
32401
32402
32403
32404
32405
32406
32407
32408
32409
32410
32411
32412
32413
48800
48801
48802
48803
48804
48805
48806
48807
48808
48809
48810
48811
48812
48813
65200
65201
65202
65203
65204
65205
65206
65207
65208
65209
65210
65211
65212
65213
16100
16101
16102
16103
16104
16105
16106
16107
16108
16109
16110
16111
16112
16113
32500
32501
32502
32503
32504
32505
32506
32507
32508
32509
32510
32511
32512
32513
48900
48901
48902
48903
48904
48905
48906
48907
48908
48909
48910
48911
48912
48913
65300
65301
65302
65303
65304
65305
65306
65307
65308
65309
65310
65311
65312
65313
16200
16201
16202
16203
16204
16205
16206
16207
16208
16209
16210
16211
16212
16213
32600
32601
32602
32603
32604
32605
32606
32607
32608
32609
32610
32611
32612
32613
49000
49001
49002
49003
49004
49005
49006
49007
49008
49009
49010
49011
49012
49013
65400
65401
65402
65403
65404
65405
65406
65407
65408
65409
65410
65411
65412
65413
16300
16301
16302
16303
16304
16305
16306
16307
16308
16309
16310
16311
16312
16313
32700
32701
32702
32703
32704
32705
32706
32707
32708
32709
32710
32711
32712
32713
49100
49101
49102
49103
49104
49105
49106
49107
49108
49109
49110
49111
49112
49113
65500
65501
65502
65503
65504
65505
65506
65507
65508
65509
65510
65511
65512
65513
)


// ************************************************************************* //
